Timestamp,Description,IP,Slave,Register,Register_Name,Value
2025-07-21 08:58:09 AM,PM Autoclave 1,10.129.7.6,19,1213,Imported Energy CH3 (MSW),89708.8515625
2025-07-21 08:58:09 AM,PM Autoclave 6,10.129.7.11,22,1213,Imported Energy CH3 (MSW),17897.5625
2025-07-21 08:58:09 AM,PM B3 Substation,10.129.7.20,13,1213,Imported Energy CH3 (MSW),935028.4375
2025-07-21 08:58:09 AM,PM C2L Substation,10.129.7.24,9,1213,Imported Energy CH3 (MSW),83486.453125
2025-07-21 08:58:09 AM,PM Autoclave 4,10.129.7.9,18,1213,Imported Energy CH3 (MSW),41046.29296875
2025-07-21 08:58:09 AM,PM Autoclave 10,10.129.7.15,20,1213,Imported Energy CH3 (MSW),373756.40625
2025-07-21 08:58:09 AM,PM Autoclave 9,10.129.7.14,23,1213,Imported Energy CH3 (MSW),287057.65625
2025-07-21 08:58:09 AM,PM Autoclave 8,10.129.7.13,8,1213,Imported Energy CH3 (MSW),61148.671875
2025-07-21 08:58:09 AM,PM A1 Substation,10.129.7.17,14,1213,Imported Energy CH3 (MSW),2934235.75
2025-07-21 08:58:09 AM,PM Autoclave 2,10.129.7.8,7,1213,Imported Energy CH3 (MSW),7323.45703125
2025-07-21 08:58:09 AM,PM C1L2 Substation,10.129.7.22,4,1213,Imported Energy CH3 (MSW),112936.9453125
2025-07-21 08:58:09 AM,PM Drop Bottom,10.129.7.16,15,1213,Imported Energy CH3 (MSW),295914.3125
2025-07-21 08:58:09 AM,PM A3 Substation,10.129.7.18,16,1213,Imported Energy CH3 (MSW),1368485.375
2025-07-21 08:58:09 AM,PM C1A Substation,10.129.7.23,11,1213,Imported Energy CH3 (MSW),1550202.0
2025-07-21 08:58:09 AM,PM C2P Substation,10.129.7.25,5,1213,Imported Energy CH3 (MSW),77888.0625
2025-07-21 08:58:09 AM,PM Autoclave 5,10.129.7.10,6,1213,Imported Energy CH3 (MSW),195693.140625
2025-07-21 08:58:09 AM,PM C1L1 Substation,10.129.7.21,3,1213,Imported Energy CH3 (MSW),29200.28125
2025-07-21 08:58:51 AM,PM C1A Substation,10.129.7.23,11,1213,Imported Energy CH3 (MSW),1550203.875
2025-07-21 08:58:51 AM,PM Autoclave 2,10.129.7.8,7,1213,Imported Energy CH3 (MSW),7323.45703125
2025-07-21 08:58:51 AM,PM Autoclave 5,10.129.7.10,6,1213,Imported Energy CH3 (MSW),195693.53125
2025-07-21 08:58:51 AM,PM C2L Substation,10.129.7.24,9,1213,Imported Energy CH3 (MSW),83486.5546875
2025-07-21 08:58:51 AM,PM C1L2 Substation,10.129.7.22,4,1213,Imported Energy CH3 (MSW),112937.03125
2025-07-21 08:58:51 AM,PM Autoclave 8,10.129.7.13,8,1213,Imported Energy CH3 (MSW),61148.671875
2025-07-21 08:58:51 AM,PM C1L1 Substation,10.129.7.21,3,1213,Imported Energy CH3 (MSW),29200.294921875
2025-07-21 08:58:51 AM,PM A1 Substation,10.129.7.17,14,1213,Imported Energy CH3 (MSW),2934237.0
2025-07-21 08:58:51 AM,PM Autoclave 10,10.129.7.15,20,1213,Imported Energy CH3 (MSW),373756.4375
2025-07-21 08:58:51 AM,PM Drop Bottom,10.129.7.16,15,1213,Imported Energy CH3 (MSW),295914.46875
2025-07-21 08:58:51 AM,PM Autoclave 9,10.129.7.14,23,1213,Imported Energy CH3 (MSW),287057.65625
2025-07-21 08:58:51 AM,PM Autoclave 6,10.129.7.11,22,1213,Imported Energy CH3 (MSW),17897.564453125
2025-07-21 08:58:51 AM,PM B3 Substation,10.129.7.20,13,1213,Imported Energy CH3 (MSW),935028.9375
2025-07-21 08:58:51 AM,PM Autoclave 4,10.129.7.9,18,1213,Imported Energy CH3 (MSW),41046.29296875
2025-07-21 08:58:51 AM,PM A3 Substation,10.129.7.18,16,1213,Imported Energy CH3 (MSW),1368485.875
2025-07-21 08:58:51 AM,PM C2P Substation,10.129.7.25,5,1213,Imported Energy CH3 (MSW),77888.1328125
2025-07-21 08:59:52 AM,PM Autoclave 8,10.129.7.13,8,1213,Imported Energy CH3 (MSW),61148.671875
2025-07-21 08:59:52 AM,PM C2L Substation,10.129.7.24,9,1213,Imported Energy CH3 (MSW),83486.6796875
2025-07-21 08:59:52 AM,PM C1A Substation,10.129.7.23,11,1213,Imported Energy CH3 (MSW),1550206.75
2025-07-21 08:59:52 AM,PM Autoclave 10,10.129.7.15,20,1213,Imported Energy CH3 (MSW),373756.4375
2025-07-21 08:59:52 AM,PM C2P Substation,10.129.7.25,5,1213,Imported Energy CH3 (MSW),77888.25
2025-07-21 08:59:52 AM,PM C1L1 Substation,10.129.7.21,3,1213,Imported Energy CH3 (MSW),29200.314453125
2025-07-21 08:59:52 AM,PM C1L2 Substation,10.129.7.22,4,1213,Imported Energy CH3 (MSW),112937.171875
2025-07-21 08:59:52 AM,PM Autoclave 5,10.129.7.10,6,1213,Imported Energy CH3 (MSW),195694.109375
2025-07-21 08:59:52 AM,PM B3 Substation,10.129.7.20,13,1213,Imported Energy CH3 (MSW),935029.6875
2025-07-21 08:59:52 AM,PM Drop Bottom,10.129.7.16,15,1213,Imported Energy CH3 (MSW),295914.6875
2025-07-21 08:59:52 AM,PM A1 Substation,10.129.7.17,14,1213,Imported Energy CH3 (MSW),2934238.75
2025-07-21 08:59:52 AM,PM Autoclave 2,10.129.7.8,7,1213,Imported Energy CH3 (MSW),7323.45703125
2025-07-21 08:59:52 AM,PM Autoclave 6,10.129.7.11,22,1213,Imported Energy CH3 (MSW),17897.56640625
2025-07-21 08:59:52 AM,PM A3 Substation,10.129.7.18,16,1213,Imported Energy CH3 (MSW),1368486.5
2025-07-21 08:59:52 AM,PM Autoclave 1,10.129.7.6,19,1213,Imported Energy CH3 (MSW),89708.8515625
2025-07-21 08:59:52 AM,PM Autoclave 9,10.129.7.14,23,1213,Imported Energy CH3 (MSW),287057.65625
2025-07-21 08:59:52 AM,PM Autoclave 4,10.129.7.9,18,1213,Imported Energy CH3 (MSW),41046.29296875
2025-07-21 09:01:33 AM,PM C2P Substation,10.129.7.25,5,1213,Imported Energy CH3 (MSW),77888.4296875
2025-07-21 09:01:33 AM,PM C1L2 Substation,10.129.7.22,4,1213,Imported Energy CH3 (MSW),112937.4140625
2025-07-21 09:01:33 AM,PM Autoclave 5,10.129.7.10,6,1213,Imported Energy CH3 (MSW),195695.109375
2025-07-21 09:01:33 AM,PM C1A Substation,10.129.7.23,11,1213,Imported Energy CH3 (MSW),1550213.25
2025-07-21 09:01:33 AM,PM Autoclave 2,10.129.7.8,7,1213,Imported Energy CH3 (MSW),7323.45703125
2025-07-21 09:01:33 AM,PM A1 Substation,10.129.7.17,14,1213,Imported Energy CH3 (MSW),2934241.75
2025-07-21 09:01:33 AM,PM C2L Substation,10.129.7.24,9,1213,Imported Energy CH3 (MSW),83486.8984375
2025-07-21 09:01:33 AM,PM Autoclave 8,10.129.7.13,8,1213,Imported Energy CH3 (MSW),61148.671875
2025-07-21 09:01:33 AM,PM Drop Bottom,10.129.7.16,15,1213,Imported Energy CH3 (MSW),295915.03125
2025-07-21 09:01:33 AM,PM Autoclave 4,10.129.7.9,18,1213,Imported Energy CH3 (MSW),41046.29296875
2025-07-21 09:01:33 AM,PM Autoclave 1,10.129.7.6,19,1213,Imported Energy CH3 (MSW),89708.8515625
2025-07-21 09:01:33 AM,PM Autoclave 6,10.129.7.11,22,1213,Imported Energy CH3 (MSW),17897.572265625
2025-07-21 09:01:33 AM,PM A3 Substation,10.129.7.18,16,1213,Imported Energy CH3 (MSW),1368487.75
2025-07-21 09:01:33 AM,PM Autoclave 9,10.129.7.14,23,1213,Imported Energy CH3 (MSW),287057.65625
2025-07-21 09:01:33 AM,PM C1L1 Substation,10.129.7.21,3,1213,Imported Energy CH3 (MSW),29200.349609375
2025-07-21 09:01:33 AM,PM B3 Substation,10.129.7.20,13,1213,Imported Energy CH3 (MSW),935030.875
2025-07-21 09:01:33 AM,PM Autoclave 10,10.129.7.15,20,1213,Imported Energy CH3 (MSW),373756.4375
2025-07-21 09:03:15 AM,PM B3 Substation,10.129.7.20,13,1213,Imported Energy CH3 (MSW),935032.0
2025-07-21 09:03:15 AM,PM C1L2 Substation,10.129.7.22,4,1213,Imported Energy CH3 (MSW),112937.6484375
2025-07-21 09:03:15 AM,PM A1 Substation,10.129.7.17,14,1213,Imported Energy CH3 (MSW),2934244.5
2025-07-21 09:03:15 AM,PM Autoclave 6,10.129.7.11,22,1213,Imported Energy CH3 (MSW),17897.576171875
2025-07-21 09:03:15 AM,PM A3 Substation,10.129.7.18,16,1213,Imported Energy CH3 (MSW),1368489.125
2025-07-21 09:03:15 AM,PM Drop Bottom,10.129.7.16,15,1213,Imported Energy CH3 (MSW),295915.375
2025-07-21 09:03:15 AM,PM Autoclave 4,10.129.7.9,18,1213,Imported Energy CH3 (MSW),41046.29296875
2025-07-21 09:03:15 AM,PM Autoclave 10,10.129.7.15,20,1213,Imported Energy CH3 (MSW),373756.4375
2025-07-21 09:03:15 AM,PM Autoclave 9,10.129.7.14,23,1213,Imported Energy CH3 (MSW),287057.65625
2025-07-21 09:03:15 AM,PM C2P Substation,10.129.7.25,5,1213,Imported Energy CH3 (MSW),77888.609375
2025-07-21 09:03:15 AM,PM C1L1 Substation,10.129.7.21,3,1213,Imported Energy CH3 (MSW),29200.3828125
2025-07-21 09:03:15 AM,PM C2L Substation,10.129.7.24,9,1213,Imported Energy CH3 (MSW),83487.1171875
2025-07-21 09:03:15 AM,PM Autoclave 1,10.129.7.6,19,1213,Imported Energy CH3 (MSW),89708.8515625
2025-07-21 09:03:15 AM,PM Autoclave 5,10.129.7.10,6,1213,Imported Energy CH3 (MSW),195696.03125
2025-07-21 09:03:15 AM,PM Autoclave 8,10.129.7.13,8,1213,Imported Energy CH3 (MSW),61148.671875
2025-07-21 09:03:15 AM,PM Autoclave 2,10.129.7.8,7,1213,Imported Energy CH3 (MSW),7323.45703125
2025-07-21 09:03:15 AM,PM C1A Substation,10.129.7.23,11,1213,Imported Energy CH3 (MSW),1550221.25
2025-07-21 09:04:57 AM,PM C1L1 Substation,10.129.7.21,3,1213,Imported Energy CH3 (MSW),29200.416015625
2025-07-21 09:04:57 AM,PM C2P Substation,10.129.7.25,5,1213,Imported Energy CH3 (MSW),77888.7890625
2025-07-21 09:04:57 AM,PM C1L2 Substation,10.129.7.22,4,1213,Imported Energy CH3 (MSW),112937.875
2025-07-21 09:04:57 AM,PM Autoclave 2,10.129.7.8,7,1213,Imported Energy CH3 (MSW),7323.45703125
2025-07-21 09:04:57 AM,PM C2L Substation,10.129.7.24,9,1213,Imported Energy CH3 (MSW),83487.328125
2025-07-21 09:04:57 AM,PM C1A Substation,10.129.7.23,11,1213,Imported Energy CH3 (MSW),1550229.0
2025-07-21 09:04:57 AM,PM Autoclave 5,10.129.7.10,6,1213,Imported Energy CH3 (MSW),195697.015625
2025-07-21 09:04:57 AM,PM B3 Substation,10.129.7.20,13,1213,Imported Energy CH3 (MSW),935033.1875
2025-07-21 09:04:57 AM,PM A1 Substation,10.129.7.17,14,1213,Imported Energy CH3 (MSW),2934247.25
2025-07-21 09:04:57 AM,PM Autoclave 10,10.129.7.15,20,1213,Imported Energy CH3 (MSW),373756.4375
2025-07-21 09:04:57 AM,PM A3 Substation,10.129.7.18,16,1213,Imported Energy CH3 (MSW),1368490.375
2025-07-21 09:04:57 AM,PM Autoclave 1,10.129.7.6,19,1213,Imported Energy CH3 (MSW),89708.8515625
2025-07-21 09:04:57 AM,PM Autoclave 6,10.129.7.11,22,1213,Imported Energy CH3 (MSW),17897.580078125
2025-07-21 09:04:57 AM,PM Autoclave 9,10.129.7.14,23,1213,Imported Energy CH3 (MSW),287057.65625
2025-07-21 09:04:57 AM,PM Autoclave 8,10.129.7.13,8,1213,Imported Energy CH3 (MSW),61148.671875
2025-07-21 09:04:57 AM,PM Drop Bottom,10.129.7.16,15,1213,Imported Energy CH3 (MSW),295915.78125
2025-07-21 09:04:57 AM,PM Autoclave 4,10.129.7.9,18,1213,Imported Energy CH3 (MSW),41046.29296875
2025-07-21 09:06:39 AM,PM C2L Substation,10.129.7.24,9,1213,Imported Energy CH3 (MSW),83487.53125
2025-07-21 09:06:39 AM,PM C1L2 Substation,10.129.7.22,4,1213,Imported Energy CH3 (MSW),112938.109375
2025-07-21 09:06:39 AM,PM C1L1 Substation,10.129.7.21,3,1213,Imported Energy CH3 (MSW),29200.44921875
2025-07-21 09:06:39 AM,PM Drop Bottom,10.129.7.16,15,1213,Imported Energy CH3 (MSW),295916.15625
2025-07-21 09:06:39 AM,PM Autoclave 9,10.129.7.14,23,1213,Imported Energy CH3 (MSW),287057.65625
2025-07-21 09:06:39 AM,PM A3 Substation,10.129.7.18,16,1213,Imported Energy CH3 (MSW),1368491.75
2025-07-21 09:06:39 AM,PM A1 Substation,10.129.7.17,14,1213,Imported Energy CH3 (MSW),2934250.25
2025-07-21 09:06:39 AM,PM C2P Substation,10.129.7.25,5,1213,Imported Energy CH3 (MSW),77888.9765625
2025-07-21 09:06:39 AM,PM Autoclave 4,10.129.7.9,18,1213,Imported Energy CH3 (MSW),41046.29296875
2025-07-21 09:06:39 AM,PM C1A Substation,10.129.7.23,11,1213,Imported Energy CH3 (MSW),1550236.875
2025-07-21 09:06:39 AM,PM Autoclave 8,10.129.7.13,8,1213,Imported Energy CH3 (MSW),61148.671875
2025-07-21 09:06:39 AM,PM Autoclave 1,10.129.7.6,19,1213,Imported Energy CH3 (MSW),89708.8515625
2025-07-21 09:06:39 AM,PM Autoclave 5,10.129.7.10,6,1213,Imported Energy CH3 (MSW),195698.0625
2025-07-21 09:06:39 AM,PM Autoclave 10,10.129.7.15,20,1213,Imported Energy CH3 (MSW),373756.46875
2025-07-21 09:06:39 AM,PM Autoclave 2,10.129.7.8,7,1213,Imported Energy CH3 (MSW),7323.45703125
2025-07-21 09:06:39 AM,PM Autoclave 6,10.129.7.11,22,1213,Imported Energy CH3 (MSW),17897.5859375
2025-07-21 09:06:39 AM,PM B3 Substation,10.129.7.20,13,1213,Imported Energy CH3 (MSW),935034.3125
2025-07-21 09:08:21 AM,PM C1L2 Substation,10.129.7.22,4,1213,Imported Energy CH3 (MSW),112938.34375
2025-07-21 09:08:21 AM,PM C1L1 Substation,10.129.7.21,3,1213,Imported Energy CH3 (MSW),29200.482421875
2025-07-21 09:08:21 AM,PM Autoclave 8,10.129.7.13,8,1213,Imported Energy CH3 (MSW),61148.671875
2025-07-21 09:08:21 AM,PM Autoclave 2,10.129.7.8,7,1213,Imported Energy CH3 (MSW),7323.45703125
2025-07-21 09:08:21 AM,PM Autoclave 3,10.129.7.7,17,1213,Imported Energy CH3 (MSW),34737.21875
2025-07-21 09:08:21 AM,PM Autoclave 4,10.129.7.9,18,1213,Imported Energy CH3 (MSW),41046.29296875
2025-07-21 09:08:21 AM,PM B2 Substation,10.129.7.19,12,1213,Imported Energy CH3 (MSW),316544.15625
2025-07-21 09:08:21 AM,PM C1A Substation,10.129.7.23,11,1213,Imported Energy CH3 (MSW),1550244.125
2025-07-21 09:08:21 AM,PM Drop Bottom,10.129.7.16,15,1213,Imported Energy CH3 (MSW),295916.5
2025-07-21 09:08:21 AM,PM A1 Substation,10.129.7.17,14,1213,Imported Energy CH3 (MSW),2934253.0
2025-07-21 09:08:21 AM,PM B3 Substation,10.129.7.20,13,1213,Imported Energy CH3 (MSW),935035.4375
2025-07-21 09:08:21 AM,PM Autoclave 5,10.129.7.10,6,1213,Imported Energy CH3 (MSW),195699.09375
2025-07-21 09:08:21 AM,PM Autoclave 6,10.129.7.11,22,1213,Imported Energy CH3 (MSW),17897.58984375
2025-07-21 09:08:21 AM,PM A3 Substation,10.129.7.18,16,1213,Imported Energy CH3 (MSW),1368493.0
2025-07-21 09:08:21 AM,PM Autoclave 10,10.129.7.15,20,1213,Imported Energy CH3 (MSW),373756.46875
2025-07-21 09:08:21 AM,PM Autoclave 1,10.129.7.6,19,1213,Imported Energy CH3 (MSW),89708.8515625
2025-07-21 09:08:21 AM,PM Autoclave 9,10.129.7.14,23,1213,Imported Energy CH3 (MSW),287057.65625
2025-07-21 09:08:21 AM,PM C2P Substation,10.129.7.25,5,1213,Imported Energy CH3 (MSW),77889.1484375
2025-07-21 09:08:21 AM,PM C2L Substation,10.129.7.24,9,1213,Imported Energy CH3 (MSW),83487.7265625
2025-07-21 09:09:24 AM,PM Autoclave 8,10.129.7.13,8,1213,Imported Energy CH3 (MSW),61148.671875
2025-07-21 09:09:24 AM,PM C1L2 Substation,10.129.7.22,4,1213,Imported Energy CH3 (MSW),112938.4921875
2025-07-21 09:09:24 AM,PM C2P Substation,10.129.7.25,5,1213,Imported Energy CH3 (MSW),77889.265625
2025-07-21 09:09:24 AM,PM C1L1 Substation,10.129.7.21,3,1213,Imported Energy CH3 (MSW),29200.501953125
2025-07-21 09:09:24 AM,PM Autoclave 2,10.129.7.8,7,1213,Imported Energy CH3 (MSW),7323.45703125
2025-07-21 09:09:25 AM,PM C1A Substation,10.129.7.23,11,1213,Imported Energy CH3 (MSW),1550249.25
2025-07-21 09:09:25 AM,PM Drop Bottom,10.129.7.16,15,1213,Imported Energy CH3 (MSW),295916.71875
2025-07-21 09:09:25 AM,PM A1 Substation,10.129.7.17,14,1213,Imported Energy CH3 (MSW),2934255.0
2025-07-21 09:09:25 AM,PM Autoclave 10,10.129.7.15,20,1213,Imported Energy CH3 (MSW),373756.46875
2025-07-21 09:09:25 AM,PM Autoclave 4,10.129.7.9,18,1213,Imported Energy CH3 (MSW),41046.29296875
2025-07-21 09:09:25 AM,PM Autoclave 3,10.129.7.7,17,1213,Imported Energy CH3 (MSW),34737.21875
2025-07-21 09:09:25 AM,PM A3 Substation,10.129.7.18,16,1213,Imported Energy CH3 (MSW),1368493.875
2025-07-21 09:09:25 AM,PM B2 Substation,10.129.7.19,12,1213,Imported Energy CH3 (MSW),316544.625
2025-07-21 09:09:25 AM,PM Autoclave 5,10.129.7.10,6,1213,Imported Energy CH3 (MSW),195699.6875
2025-07-21 09:09:25 AM,PM Autoclave 6,10.129.7.11,22,1213,Imported Energy CH3 (MSW),17897.59375
2025-07-21 09:09:25 AM,PM C2L Substation,10.129.7.24,9,1213,Imported Energy CH3 (MSW),83487.84375
2025-07-21 09:09:25 AM,PM B3 Substation,10.129.7.20,13,1213,Imported Energy CH3 (MSW),935036.125
2025-07-21 09:09:25 AM,PM Autoclave 9,10.129.7.14,23,1213,Imported Energy CH3 (MSW),287057.65625
2025-07-21 09:09:33 AM,PM Autoclave 1,10.129.7.6,19,1213,Imported Energy CH3 (MSW),89708.8515625
2025-07-21 09:10:36 AM,PM A1 Substation,10.129.7.17,14,1213,Imported Energy CH3 (MSW),2934257.0
2025-07-21 09:10:36 AM,PM Autoclave 8,10.129.7.13,8,1213,Imported Energy CH3 (MSW),61148.671875
2025-07-21 09:10:36 AM,PM Autoclave 5,10.129.7.10,6,1213,Imported Energy CH3 (MSW),195700.359375
2025-07-21 09:10:36 AM,PM A3 Substation,10.129.7.18,16,1213,Imported Energy CH3 (MSW),1368494.875
2025-07-21 09:10:36 AM,PM Autoclave 1,10.129.7.6,19,1213,Imported Energy CH3 (MSW),89708.8515625
2025-07-21 09:10:36 AM,PM Autoclave 6,10.129.7.11,22,1213,Imported Energy CH3 (MSW),17897.595703125
2025-07-21 09:10:36 AM,PM C1A Substation,10.129.7.23,11,1213,Imported Energy CH3 (MSW),1550253.375
2025-07-21 09:10:36 AM,PM Autoclave 2,10.129.7.8,7,1213,Imported Energy CH3 (MSW),7323.45703125
2025-07-21 09:10:36 AM,PM Autoclave 9,10.129.7.14,23,1213,Imported Energy CH3 (MSW),287057.65625
2025-07-21 09:10:36 AM,PM Autoclave 3,10.129.7.7,17,1213,Imported Energy CH3 (MSW),34737.21875
2025-07-21 09:10:36 AM,PM Autoclave 10,10.129.7.15,20,1213,Imported Energy CH3 (MSW),373756.46875
2025-07-21 09:10:36 AM,PM Autoclave 4,10.129.7.9,18,1213,Imported Energy CH3 (MSW),41046.29296875
2025-07-21 09:10:36 AM,PM C1L1 Substation,10.129.7.21,3,1213,Imported Energy CH3 (MSW),29200.525390625
2025-07-21 09:10:36 AM,PM B2 Substation,10.129.7.19,12,1213,Imported Energy CH3 (MSW),316545.1875
2025-07-21 09:10:36 AM,PM C2P Substation,10.129.7.25,5,1213,Imported Energy CH3 (MSW),77889.3984375
2025-07-21 09:10:36 AM,PM C1L2 Substation,10.129.7.22,4,1213,Imported Energy CH3 (MSW),112938.6640625
2025-07-21 09:10:36 AM,PM B3 Substation,10.129.7.20,13,1213,Imported Energy CH3 (MSW),935036.9375
2025-07-21 09:10:36 AM,PM Drop Bottom,10.129.7.16,15,1213,Imported Energy CH3 (MSW),295917.03125
2025-07-21 09:10:36 AM,PM C2L Substation,10.129.7.24,9,1213,Imported Energy CH3 (MSW),83487.984375
2025-07-21 09:11:40 AM,PM C1L2 Substation,10.129.7.22,4,1213,Imported Energy CH3 (MSW),112938.8046875
2025-07-21 09:11:40 AM,PM C2P Substation,10.129.7.25,5,1213,Imported Energy CH3 (MSW),77889.5234375
2025-07-21 09:11:40 AM,PM Autoclave 5,10.129.7.10,6,1213,Imported Energy CH3 (MSW),195700.953125
2025-07-21 09:11:40 AM,PM Autoclave 2,10.129.7.8,7,1213,Imported Energy CH3 (MSW),7323.45703125
2025-07-21 09:11:40 AM,PM C2L Substation,10.129.7.24,9,1213,Imported Energy CH3 (MSW),83488.125
2025-07-21 09:11:40 AM,PM Autoclave 8,10.129.7.13,8,1213,Imported Energy CH3 (MSW),61148.671875
2025-07-21 09:11:40 AM,PM C1L1 Substation,10.129.7.21,3,1213,Imported Energy CH3 (MSW),29200.546875
2025-07-21 09:11:40 AM,PM A1 Substation,10.129.7.17,14,1213,Imported Energy CH3 (MSW),2934258.5
2025-07-21 09:11:40 AM,PM B2 Substation,10.129.7.19,12,1213,Imported Energy CH3 (MSW),316545.65625
2025-07-21 09:11:40 AM,PM C1A Substation,10.129.7.23,11,1213,Imported Energy CH3 (MSW),1550256.625
2025-07-21 09:11:40 AM,PM B3 Substation,10.129.7.20,13,1213,Imported Energy CH3 (MSW),935037.625
2025-07-21 09:11:40 AM,PM Autoclave 3,10.129.7.7,17,1213,Imported Energy CH3 (MSW),34737.21875
2025-07-21 09:11:40 AM,PM Autoclave 1,10.129.7.6,19,1213,Imported Energy CH3 (MSW),89708.8515625
2025-07-21 09:11:40 AM,PM Autoclave 4,10.129.7.9,18,1213,Imported Energy CH3 (MSW),41046.29296875
2025-07-21 09:11:40 AM,PM Autoclave 6,10.129.7.11,22,1213,Imported Energy CH3 (MSW),17897.599609375
2025-07-21 09:11:40 AM,PM Autoclave 9,10.129.7.14,23,1213,Imported Energy CH3 (MSW),287057.65625
2025-07-21 09:11:40 AM,PM A3 Substation,10.129.7.18,16,1213,Imported Energy CH3 (MSW),1368495.75
2025-07-21 09:11:40 AM,PM Autoclave 10,10.129.7.15,20,1213,Imported Energy CH3 (MSW),373756.46875
2025-07-21 09:11:40 AM,PM Drop Bottom,10.129.7.16,15,1213,Imported Energy CH3 (MSW),295917.34375
2025-07-21 09:12:43 AM,PM C1L2 Substation,10.129.7.22,4,1213,Imported Energy CH3 (MSW),112938.9453125
2025-07-21 09:12:43 AM,PM C1L1 Substation,10.129.7.21,3,1213,Imported Energy CH3 (MSW),29200.56640625
2025-07-21 09:12:43 AM,PM Autoclave 5,10.129.7.10,6,1213,Imported Energy CH3 (MSW),195701.546875
2025-07-21 09:12:43 AM,PM C2P Substation,10.129.7.25,5,1213,Imported Energy CH3 (MSW),77889.640625
2025-07-21 09:12:43 AM,PM Autoclave 2,10.129.7.8,7,1213,Imported Energy CH3 (MSW),7323.45703125
2025-07-21 09:12:43 AM,PM C2L Substation,10.129.7.24,9,1213,Imported Energy CH3 (MSW),83488.2890625
2025-07-21 09:12:43 AM,PM Autoclave 8,10.129.7.13,8,1213,Imported Energy CH3 (MSW),61148.671875
2025-07-21 09:12:43 AM,PM C1A Substation,10.129.7.23,11,1213,Imported Energy CH3 (MSW),1550260.75
2025-07-21 09:12:43 AM,PM Autoclave 1,10.129.7.6,19,1213,Imported Energy CH3 (MSW),89708.8515625
2025-07-21 09:12:43 AM,PM B2 Substation,10.129.7.19,12,1213,Imported Energy CH3 (MSW),316546.125
2025-07-21 09:12:43 AM,PM B3 Substation,10.129.7.20,13,1213,Imported Energy CH3 (MSW),935038.375
2025-07-21 09:12:43 AM,PM Drop Bottom,10.129.7.16,15,1213,Imported Energy CH3 (MSW),295917.65625
2025-07-21 09:12:43 AM,PM A1 Substation,10.129.7.17,14,1213,Imported Energy CH3 (MSW),2934260.5
2025-07-21 09:12:43 AM,PM Autoclave 10,10.129.7.15,20,1213,Imported Energy CH3 (MSW),373756.46875
2025-07-21 09:12:43 AM,PM Autoclave 3,10.129.7.7,17,1213,Imported Energy CH3 (MSW),34737.21875
2025-07-21 09:12:43 AM,PM Autoclave 6,10.129.7.11,22,1213,Imported Energy CH3 (MSW),17897.6015625
2025-07-21 09:12:43 AM,PM Autoclave 4,10.129.7.9,18,1213,Imported Energy CH3 (MSW),41046.29296875
2025-07-21 09:12:43 AM,PM A3 Substation,10.129.7.18,16,1213,Imported Energy CH3 (MSW),1368496.5
2025-07-21 09:12:43 AM,PM Autoclave 9,10.129.7.14,23,1213,Imported Energy CH3 (MSW),287057.65625
2025-07-21 09:13:46 AM,PM C1L1 Substation,10.129.7.21,3,1213,Imported Energy CH3 (MSW),29200.587890625
2025-07-21 09:13:46 AM,PM C2P Substation,10.129.7.25,5,1213,Imported Energy CH3 (MSW),77889.7578125
2025-07-21 09:13:46 AM,PM Autoclave 8,10.129.7.13,8,1213,Imported Energy CH3 (MSW),61148.671875
2025-07-21 09:13:46 AM,PM Autoclave 5,10.129.7.10,6,1213,Imported Energy CH3 (MSW),195702.109375
2025-07-21 09:13:46 AM,PM B2 Substation,10.129.7.19,12,1213,Imported Energy CH3 (MSW),316546.625
2025-07-21 09:13:46 AM,PM C2L Substation,10.129.7.24,9,1213,Imported Energy CH3 (MSW),83488.4375
2025-07-21 09:13:46 AM,PM A1 Substation,10.129.7.17,14,1213,Imported Energy CH3 (MSW),2934262.0
2025-07-21 09:13:46 AM,PM B3 Substation,10.129.7.20,13,1213,Imported Energy CH3 (MSW),935039.0625
2025-07-21 09:13:47 AM,PM C1A Substation,10.129.7.23,11,1213,Imported Energy CH3 (MSW),1550263.75
2025-07-21 09:13:47 AM,PM Autoclave 6,10.129.7.11,22,1213,Imported Energy CH3 (MSW),17897.60546875
2025-07-21 09:13:47 AM,PM A3 Substation,10.129.7.18,16,1213,Imported Energy CH3 (MSW),1368497.375
2025-07-21 09:13:47 AM,PM Autoclave 10,10.129.7.15,20,1213,Imported Energy CH3 (MSW),373756.46875
2025-07-21 09:13:47 AM,PM Autoclave 1,10.129.7.6,19,1213,Imported Energy CH3 (MSW),89708.8515625
2025-07-21 09:13:47 AM,PM Autoclave 3,10.129.7.7,17,1213,Imported Energy CH3 (MSW),34737.21875
2025-07-21 09:13:47 AM,PM Drop Bottom,10.129.7.16,15,1213,Imported Energy CH3 (MSW),295917.9375
2025-07-21 09:13:47 AM,PM Autoclave 4,10.129.7.9,18,1213,Imported Energy CH3 (MSW),41046.29296875
2025-07-21 09:13:47 AM,PM C1L2 Substation,10.129.7.22,4,1213,Imported Energy CH3 (MSW),112939.078125
2025-07-21 09:13:47 AM,PM Autoclave 2,10.129.7.8,7,1213,Imported Energy CH3 (MSW),7323.45703125
2025-07-21 09:13:47 AM,PM Autoclave 9,10.129.7.14,23,1213,Imported Energy CH3 (MSW),287057.65625
2025-07-21 09:14:49 AM,PM C1L2 Substation,10.129.7.22,4,1213,Imported Energy CH3 (MSW),112939.2109375
2025-07-21 09:14:50 AM,PM C1L1 Substation,10.129.7.21,3,1213,Imported Energy CH3 (MSW),29200.607421875
2025-07-21 09:14:50 AM,PM Autoclave 5,10.129.7.10,6,1213,Imported Energy CH3 (MSW),195702.671875
2025-07-21 09:14:50 AM,PM Autoclave 2,10.129.7.8,7,1213,Imported Energy CH3 (MSW),7323.45703125
2025-07-21 09:14:50 AM,PM Autoclave 8,10.129.7.13,8,1213,Imported Energy CH3 (MSW),61148.671875
2025-07-21 09:14:50 AM,PM B2 Substation,10.129.7.19,12,1213,Imported Energy CH3 (MSW),316547.09375
2025-07-21 09:14:50 AM,PM C2L Substation,10.129.7.24,9,1213,Imported Energy CH3 (MSW),83488.5703125
2025-07-21 09:14:50 AM,PM C1A Substation,10.129.7.23,11,1213,Imported Energy CH3 (MSW),1550266.625
2025-07-21 09:14:50 AM,PM A1 Substation,10.129.7.17,14,1213,Imported Energy CH3 (MSW),2934263.75
2025-07-21 09:14:50 AM,PM Drop Bottom,10.129.7.16,15,1213,Imported Energy CH3 (MSW),295918.25
2025-07-21 09:14:50 AM,PM Autoclave 6,10.129.7.11,22,1213,Imported Energy CH3 (MSW),17897.607421875
2025-07-21 09:14:50 AM,PM A3 Substation,10.129.7.18,16,1213,Imported Energy CH3 (MSW),1368498.125
2025-07-21 09:14:50 AM,PM Autoclave 3,10.129.7.7,17,1213,Imported Energy CH3 (MSW),34737.21875
2025-07-21 09:14:50 AM,PM Autoclave 9,10.129.7.14,23,1213,Imported Energy CH3 (MSW),287057.65625
2025-07-21 09:14:50 AM,PM Autoclave 10,10.129.7.15,20,1213,Imported Energy CH3 (MSW),373756.46875
2025-07-21 09:14:50 AM,PM Autoclave 4,10.129.7.9,18,1213,Imported Energy CH3 (MSW),41046.29296875
2025-07-21 09:14:50 AM,PM C2P Substation,10.129.7.25,5,1213,Imported Energy CH3 (MSW),77889.8828125
2025-07-21 09:14:50 AM,PM B3 Substation,10.129.7.20,13,1213,Imported Energy CH3 (MSW),935039.75
2025-07-21 09:14:50 AM,PM Autoclave 1,10.129.7.6,19,1213,Imported Energy CH3 (MSW),89708.8515625
2025-07-21 09:15:53 AM,PM C2P Substation,10.129.7.25,5,1213,Imported Energy CH3 (MSW),77890.0
2025-07-21 09:15:53 AM,PM C1L1 Substation,10.129.7.21,3,1213,Imported Energy CH3 (MSW),29200.62890625
2025-07-21 09:15:53 AM,PM Autoclave 4,10.129.7.9,18,1213,Imported Energy CH3 (MSW),41046.29296875
2025-07-21 09:15:53 AM,PM Drop Bottom,10.129.7.16,15,1213,Imported Energy CH3 (MSW),295918.5
2025-07-21 09:15:53 AM,PM A1 Substation,10.129.7.17,14,1213,Imported Energy CH3 (MSW),2934265.5
2025-07-21 09:15:53 AM,PM Autoclave 5,10.129.7.10,6,1213,Imported Energy CH3 (MSW),195703.21875
2025-07-21 09:15:53 AM,PM A3 Substation,10.129.7.18,16,1213,Imported Energy CH3 (MSW),1368499.0
2025-07-21 09:15:53 AM,PM B2 Substation,10.129.7.19,12,1213,Imported Energy CH3 (MSW),316547.59375
2025-07-21 09:15:53 AM,PM B3 Substation,10.129.7.20,13,1213,Imported Energy CH3 (MSW),935040.5
2025-07-21 09:15:53 AM,PM Autoclave 1,10.129.7.6,19,1213,Imported Energy CH3 (MSW),89708.8515625
2025-07-21 09:15:53 AM,PM Autoclave 8,10.129.7.13,8,1213,Imported Energy CH3 (MSW),61148.671875
2025-07-21 09:15:53 AM,PM Autoclave 2,10.129.7.8,7,1213,Imported Energy CH3 (MSW),7323.45703125
2025-07-21 09:15:53 AM,PM Autoclave 10,10.129.7.15,20,1213,Imported Energy CH3 (MSW),373756.5
2025-07-21 09:15:53 AM,PM Autoclave 9,10.129.7.14,23,1213,Imported Energy CH3 (MSW),287057.65625
2025-07-21 09:15:53 AM,PM C2L Substation,10.129.7.24,9,1213,Imported Energy CH3 (MSW),83488.7109375
2025-07-21 09:15:53 AM,PM C1A Substation,10.129.7.23,11,1213,Imported Energy CH3 (MSW),1550270.375
2025-07-21 09:15:53 AM,PM Autoclave 6,10.129.7.11,22,1213,Imported Energy CH3 (MSW),17897.611328125
2025-07-21 09:15:53 AM,PM C1L2 Substation,10.129.7.22,4,1213,Imported Energy CH3 (MSW),112939.3515625
2025-07-21 09:15:53 AM,PM Autoclave 3,10.129.7.7,17,1213,Imported Energy CH3 (MSW),34737.21875
2025-07-21 09:16:56 AM,PM C1L1 Substation,10.129.7.21,3,1213,Imported Energy CH3 (MSW),29200.650390625
2025-07-21 09:16:56 AM,PM C1L2 Substation,10.129.7.22,4,1213,Imported Energy CH3 (MSW),112939.484375
2025-07-21 09:16:56 AM,PM C2P Substation,10.129.7.25,5,1213,Imported Energy CH3 (MSW),77890.125
2025-07-21 09:16:56 AM,PM Autoclave 5,10.129.7.10,6,1213,Imported Energy CH3 (MSW),195703.78125
2025-07-21 09:16:56 AM,PM B3 Substation,10.129.7.20,13,1213,Imported Energy CH3 (MSW),935041.25
2025-07-21 09:16:56 AM,PM B2 Substation,10.129.7.19,12,1213,Imported Energy CH3 (MSW),316548.09375
2025-07-21 09:16:56 AM,PM C2L Substation,10.129.7.24,9,1213,Imported Energy CH3 (MSW),83488.8515625
2025-07-21 09:16:56 AM,PM Autoclave 2,10.129.7.8,7,1213,Imported Energy CH3 (MSW),7323.45703125
2025-07-21 09:16:56 AM,PM C1A Substation,10.129.7.23,11,1213,Imported Energy CH3 (MSW),1550274.125
2025-07-21 09:16:56 AM,PM Autoclave 8,10.129.7.13,8,1213,Imported Energy CH3 (MSW),61148.671875
2025-07-21 09:16:56 AM,PM Autoclave 6,10.129.7.11,22,1213,Imported Energy CH3 (MSW),17897.61328125
2025-07-21 09:16:56 AM,PM A3 Substation,10.129.7.18,16,1213,Imported Energy CH3 (MSW),1368499.875
2025-07-21 09:16:56 AM,PM Drop Bottom,10.129.7.16,15,1213,Imported Energy CH3 (MSW),295918.71875
2025-07-21 09:16:56 AM,PM Autoclave 4,10.129.7.9,18,1213,Imported Energy CH3 (MSW),41046.29296875
2025-07-21 09:16:56 AM,PM Autoclave 3,10.129.7.7,17,1213,Imported Energy CH3 (MSW),34737.21875
2025-07-21 09:16:56 AM,PM Autoclave 9,10.129.7.14,23,1213,Imported Energy CH3 (MSW),287057.65625
2025-07-21 09:16:56 AM,PM Autoclave 10,10.129.7.15,20,1213,Imported Energy CH3 (MSW),373756.5
2025-07-21 09:16:56 AM,PM Autoclave 1,10.129.7.6,19,1213,Imported Energy CH3 (MSW),89708.8515625
2025-07-21 09:16:56 AM,PM A1 Substation,10.129.7.17,14,1213,Imported Energy CH3 (MSW),2934267.25
2025-07-21 09:17:59 AM,PM C1L1 Substation,10.129.7.21,3,1213,Imported Energy CH3 (MSW),29200.669921875
2025-07-21 09:17:59 AM,PM C2P Substation,10.129.7.25,5,1213,Imported Energy CH3 (MSW),77890.2421875
2025-07-21 09:17:59 AM,PM Autoclave 5,10.129.7.10,6,1213,Imported Energy CH3 (MSW),195704.34375
2025-07-21 09:17:59 AM,PM C1L2 Substation,10.129.7.22,4,1213,Imported Energy CH3 (MSW),112939.625
2025-07-21 09:17:59 AM,PM B2 Substation,10.129.7.19,12,1213,Imported Energy CH3 (MSW),316548.59375
2025-07-21 09:17:59 AM,PM C1A Substation,10.129.7.23,11,1213,Imported Energy CH3 (MSW),1550277.875
2025-07-21 09:17:59 AM,PM C2L Substation,10.129.7.24,9,1213,Imported Energy CH3 (MSW),83488.9921875
2025-07-21 09:17:59 AM,PM A1 Substation,10.129.7.17,14,1213,Imported Energy CH3 (MSW),2934269.5
2025-07-21 09:17:59 AM,PM Autoclave 8,10.129.7.13,8,1213,Imported Energy CH3 (MSW),61148.671875
2025-07-21 09:17:59 AM,PM Autoclave 3,10.129.7.7,17,1213,Imported Energy CH3 (MSW),34737.22265625
2025-07-21 09:17:59 AM,PM A3 Substation,10.129.7.18,16,1213,Imported Energy CH3 (MSW),1368500.75
2025-07-21 09:17:59 AM,PM Drop Bottom,10.129.7.16,15,1213,Imported Energy CH3 (MSW),295918.96875
2025-07-21 09:17:59 AM,PM Autoclave 10,10.129.7.15,20,1213,Imported Energy CH3 (MSW),373756.5
2025-07-21 09:17:59 AM,PM Autoclave 6,10.129.7.11,22,1213,Imported Energy CH3 (MSW),17897.6171875
2025-07-21 09:17:59 AM,PM Autoclave 1,10.129.7.6,19,1213,Imported Energy CH3 (MSW),89708.8515625
2025-07-21 09:17:59 AM,PM Autoclave 9,10.129.7.14,23,1213,Imported Energy CH3 (MSW),287057.65625
2025-07-21 09:17:59 AM,PM Autoclave 4,10.129.7.9,18,1213,Imported Energy CH3 (MSW),41046.29296875
2025-07-21 09:17:59 AM,PM B3 Substation,10.129.7.20,13,1213,Imported Energy CH3 (MSW),935041.9375
2025-07-21 09:17:59 AM,PM Autoclave 2,10.129.7.8,7,1213,Imported Energy CH3 (MSW),7323.45703125
2025-07-21 09:19:02 AM,PM Drop Bottom,10.129.7.16,15,1213,Imported Energy CH3 (MSW),295919.21875
2025-07-21 09:19:02 AM,PM A3 Substation,10.129.7.18,16,1213,Imported Energy CH3 (MSW),1368501.625
2025-07-21 09:19:02 AM,PM A1 Substation,10.129.7.17,14,1213,Imported Energy CH3 (MSW),2934271.5
2025-07-21 09:19:02 AM,PM Autoclave 8,10.129.7.13,8,1213,Imported Energy CH3 (MSW),61148.671875
2025-07-21 09:19:02 AM,PM C1L1 Substation,10.129.7.21,3,1213,Imported Energy CH3 (MSW),29200.69140625
2025-07-21 09:19:02 AM,PM C2P Substation,10.129.7.25,5,1213,Imported Energy CH3 (MSW),77890.359375
2025-07-21 09:19:02 AM,PM Autoclave 5,10.129.7.10,6,1213,Imported Energy CH3 (MSW),195704.90625
2025-07-21 09:19:02 AM,PM B2 Substation,10.129.7.19,12,1213,Imported Energy CH3 (MSW),316549.09375
2025-07-21 09:19:02 AM,PM C2L Substation,10.129.7.24,9,1213,Imported Energy CH3 (MSW),83489.125
2025-07-21 09:19:02 AM,PM Autoclave 2,10.129.7.8,7,1213,Imported Energy CH3 (MSW),7323.45703125
2025-07-21 09:19:02 AM,PM C1A Substation,10.129.7.23,11,1213,Imported Energy CH3 (MSW),1550281.75
2025-07-21 09:19:02 AM,PM B3 Substation,10.129.7.20,13,1213,Imported Energy CH3 (MSW),935042.6875
2025-07-21 09:19:02 AM,PM Autoclave 10,10.129.7.15,20,1213,Imported Energy CH3 (MSW),373756.53125
2025-07-21 09:19:02 AM,PM Autoclave 6,10.129.7.11,22,1213,Imported Energy CH3 (MSW),17897.619140625
2025-07-21 09:19:02 AM,PM Autoclave 3,10.129.7.7,17,1213,Imported Energy CH3 (MSW),34737.22265625
2025-07-21 09:19:02 AM,PM Autoclave 4,10.129.7.9,18,1213,Imported Energy CH3 (MSW),41046.29296875
2025-07-21 09:19:02 AM,PM Autoclave 9,10.129.7.14,23,1213,Imported Energy CH3 (MSW),287057.65625
2025-07-21 09:19:02 AM,PM C1L2 Substation,10.129.7.22,4,1213,Imported Energy CH3 (MSW),112939.765625
2025-07-21 09:20:35 AM,PM C1L1 Substation,10.129.7.21,3,1213,Imported Energy CH3 (MSW),29200.720703125
2025-07-21 09:20:35 AM,PM A1 Substation,10.129.7.17,14,1213,Imported Energy CH3 (MSW),2934274.75
2025-07-21 09:20:35 AM,PM C2L Substation,10.129.7.24,9,1213,Imported Energy CH3 (MSW),83489.3359375
2025-07-21 09:20:35 AM,PM Drop Bottom,10.129.7.16,15,1213,Imported Energy CH3 (MSW),295919.59375
2025-07-21 09:20:35 AM,PM Autoclave 5,10.129.7.10,6,1213,Imported Energy CH3 (MSW),195705.71875
2025-07-21 09:20:35 AM,PM B2 Substation,10.129.7.19,12,1213,Imported Energy CH3 (MSW),316549.8125
2025-07-21 09:20:35 AM,PM A3 Substation,10.129.7.18,16,1213,Imported Energy CH3 (MSW),1368502.875
2025-07-21 09:20:35 AM,PM C2P Substation,10.129.7.25,5,1213,Imported Energy CH3 (MSW),77890.53125
2025-07-21 09:20:35 AM,PM Autoclave 8,10.129.7.13,8,1213,Imported Energy CH3 (MSW),61148.671875
2025-07-21 09:20:35 AM,PM Autoclave 2,10.129.7.8,7,1213,Imported Energy CH3 (MSW),7323.45703125
2025-07-21 09:20:36 AM,PM Autoclave 6,10.129.7.11,22,1213,Imported Energy CH3 (MSW),17897.625
2025-07-21 09:20:36 AM,PM Autoclave 4,10.129.7.9,18,1213,Imported Energy CH3 (MSW),41046.29296875
2025-07-21 09:20:36 AM,PM C1L2 Substation,10.129.7.22,4,1213,Imported Energy CH3 (MSW),112939.9609375
2025-07-21 09:20:36 AM,PM C1A Substation,10.129.7.23,11,1213,Imported Energy CH3 (MSW),1550288.75
2025-07-21 09:20:36 AM,PM Autoclave 9,10.129.7.14,23,1213,Imported Energy CH3 (MSW),287057.65625
2025-07-21 09:20:36 AM,PM Autoclave 10,10.129.7.15,20,1213,Imported Energy CH3 (MSW),373756.5625
2025-07-21 09:22:17 AM,PM Autoclave 6,10.129.7.11,22,1213,Imported Energy CH3 (MSW),17897.62890625
2025-07-21 09:22:17 AM,PM Autoclave 5,10.129.7.10,6,1213,Imported Energy CH3 (MSW),195706.640625
2025-07-21 09:22:17 AM,PM C1L1 Substation,10.129.7.21,3,1213,Imported Energy CH3 (MSW),29200.75390625
2025-07-21 09:22:17 AM,PM C2P Substation,10.129.7.25,5,1213,Imported Energy CH3 (MSW),77890.71875
2025-07-21 09:22:17 AM,PM Autoclave 10,10.129.7.15,20,1213,Imported Energy CH3 (MSW),373756.5625
2025-07-21 09:22:17 AM,PM A3 Substation,10.129.7.18,16,1213,Imported Energy CH3 (MSW),1368504.375
2025-07-21 09:22:17 AM,PM Autoclave 2,10.129.7.8,7,1213,Imported Energy CH3 (MSW),7323.45703125
2025-07-21 09:22:17 AM,PM Autoclave 9,10.129.7.14,23,1213,Imported Energy CH3 (MSW),287057.65625
2025-07-21 09:22:17 AM,PM C1L2 Substation,10.129.7.22,4,1213,Imported Energy CH3 (MSW),112940.1875
2025-07-21 09:22:17 AM,PM Drop Bottom,10.129.7.16,15,1213,Imported Energy CH3 (MSW),295920.0
2025-07-21 09:22:17 AM,PM Autoclave 8,10.129.7.13,8,1213,Imported Energy CH3 (MSW),61148.671875
2025-07-21 09:22:17 AM,PM B2 Substation,10.129.7.19,12,1213,Imported Energy CH3 (MSW),316550.59375
2025-07-21 09:22:17 AM,PM Autoclave 4,10.129.7.9,18,1213,Imported Energy CH3 (MSW),41046.29296875
2025-07-21 09:22:17 AM,PM A1 Substation,10.129.7.17,14,1213,Imported Energy CH3 (MSW),2934277.75
2025-07-21 09:22:17 AM,PM C2L Substation,10.129.7.24,9,1213,Imported Energy CH3 (MSW),83489.5546875
2025-07-21 09:22:17 AM,PM C1A Substation,10.129.7.23,11,1213,Imported Energy CH3 (MSW),1550296.75
2025-07-21 09:23:59 AM,PM C1L2 Substation,10.129.7.22,4,1213,Imported Energy CH3 (MSW),112940.421875
2025-07-21 09:23:59 AM,PM C1L1 Substation,10.129.7.21,3,1213,Imported Energy CH3 (MSW),29200.787109375
2025-07-21 09:23:59 AM,PM C2P Substation,10.129.7.25,5,1213,Imported Energy CH3 (MSW),77890.90625
2025-07-21 09:23:59 AM,PM Autoclave 2,10.129.7.8,7,1213,Imported Energy CH3 (MSW),7323.45703125
2025-07-21 09:23:59 AM,PM Autoclave 6,10.129.7.11,22,1213,Imported Energy CH3 (MSW),17897.6328125
2025-07-21 09:23:59 AM,PM Autoclave 10,10.129.7.15,20,1213,Imported Energy CH3 (MSW),373756.59375
2025-07-21 09:23:59 AM,PM Autoclave 8,10.129.7.13,8,1213,Imported Energy CH3 (MSW),61148.671875
2025-07-21 09:23:59 AM,PM Autoclave 5,10.129.7.10,6,1213,Imported Energy CH3 (MSW),195707.40625
2025-07-21 09:23:59 AM,PM C1A Substation,10.129.7.23,11,1213,Imported Energy CH3 (MSW),1550305.75
2025-07-21 09:23:59 AM,PM Drop Bottom,10.129.7.16,15,1213,Imported Energy CH3 (MSW),295920.34375
2025-07-21 09:23:59 AM,PM Autoclave 9,10.129.7.14,23,1213,Imported Energy CH3 (MSW),287057.65625
2025-07-21 09:23:59 AM,PM A3 Substation,10.129.7.18,16,1213,Imported Energy CH3 (MSW),1368505.875
2025-07-21 09:23:59 AM,PM C2L Substation,10.129.7.24,9,1213,Imported Energy CH3 (MSW),83489.7890625
2025-07-21 09:23:59 AM,PM A1 Substation,10.129.7.17,14,1213,Imported Energy CH3 (MSW),2934280.75
2025-07-21 09:23:59 AM,PM B2 Substation,10.129.7.19,12,1213,Imported Energy CH3 (MSW),316551.4375
2025-07-21 09:23:59 AM,PM Autoclave 4,10.129.7.9,18,1213,Imported Energy CH3 (MSW),41046.29296875
2025-07-21 09:25:41 AM,PM C1L2 Substation,10.129.7.22,4,1213,Imported Energy CH3 (MSW),112940.65625
2025-07-21 09:25:41 AM,PM Autoclave 2,10.129.7.8,7,1213,Imported Energy CH3 (MSW),7323.45703125
2025-07-21 09:25:41 AM,PM Drop Bottom,10.129.7.16,15,1213,Imported Energy CH3 (MSW),295920.78125
2025-07-21 09:25:41 AM,PM C2P Substation,10.129.7.25,5,1213,Imported Energy CH3 (MSW),77891.09375
2025-07-21 09:25:41 AM,PM Autoclave 10,10.129.7.15,20,1213,Imported Energy CH3 (MSW),373756.59375
2025-07-21 09:25:41 AM,PM A1 Substation,10.129.7.17,14,1213,Imported Energy CH3 (MSW),2934284.0
2025-07-21 09:25:41 AM,PM Autoclave 9,10.129.7.14,23,1213,Imported Energy CH3 (MSW),287057.65625
2025-07-21 09:25:41 AM,PM C2L Substation,10.129.7.24,9,1213,Imported Energy CH3 (MSW),83490.0390625
2025-07-21 09:25:41 AM,PM C1A Substation,10.129.7.23,11,1213,Imported Energy CH3 (MSW),1550314.5
2025-07-21 09:25:41 AM,PM Autoclave 4,10.129.7.9,18,1213,Imported Energy CH3 (MSW),41046.29296875
2025-07-21 09:25:41 AM,PM C1L1 Substation,10.129.7.21,3,1213,Imported Energy CH3 (MSW),29200.818359375
2025-07-21 09:25:41 AM,PM Autoclave 5,10.129.7.10,6,1213,Imported Energy CH3 (MSW),195708.234375
2025-07-21 09:25:41 AM,PM A3 Substation,10.129.7.18,16,1213,Imported Energy CH3 (MSW),1368507.25
2025-07-21 09:25:41 AM,PM Autoclave 8,10.129.7.13,8,1213,Imported Energy CH3 (MSW),61148.671875
2025-07-21 09:25:41 AM,PM B2 Substation,10.129.7.19,12,1213,Imported Energy CH3 (MSW),316552.25
2025-07-21 09:25:41 AM,PM Autoclave 6,10.129.7.11,22,1213,Imported Energy CH3 (MSW),17897.638671875
2025-07-21 09:27:22 AM,PM C2P Substation,10.129.7.25,5,1213,Imported Energy CH3 (MSW),77891.28125
2025-07-21 09:27:22 AM,PM C1L1 Substation,10.129.7.21,3,1213,Imported Energy CH3 (MSW),29200.8515625
2025-07-21 09:27:22 AM,PM Autoclave 8,10.129.7.13,8,1213,Imported Energy CH3 (MSW),61148.671875
2025-07-21 09:27:22 AM,PM Autoclave 2,10.129.7.8,7,1213,Imported Energy CH3 (MSW),7323.45703125
2025-07-21 09:27:22 AM,PM C1L2 Substation,10.129.7.22,4,1213,Imported Energy CH3 (MSW),112940.8984375
2025-07-21 09:27:22 AM,PM C2L Substation,10.129.7.24,9,1213,Imported Energy CH3 (MSW),83490.2578125
2025-07-21 09:27:22 AM,PM Drop Bottom,10.129.7.16,15,1213,Imported Energy CH3 (MSW),295921.28125
2025-07-21 09:27:22 AM,PM A1 Substation,10.129.7.17,14,1213,Imported Energy CH3 (MSW),2934287.0
2025-07-21 09:27:22 AM,PM C1A Substation,10.129.7.23,11,1213,Imported Energy CH3 (MSW),1550321.125
2025-07-21 09:27:22 AM,PM A3 Substation,10.129.7.18,16,1213,Imported Energy CH3 (MSW),1368508.75
2025-07-21 09:27:22 AM,PM Autoclave 10,10.129.7.15,20,1213,Imported Energy CH3 (MSW),373756.59375
2025-07-21 09:27:22 AM,PM Autoclave 4,10.129.7.9,18,1213,Imported Energy CH3 (MSW),41046.29296875
2025-07-21 09:27:22 AM,PM Autoclave 5,10.129.7.10,6,1213,Imported Energy CH3 (MSW),195709.171875
2025-07-21 09:27:22 AM,PM B2 Substation,10.129.7.19,12,1213,Imported Energy CH3 (MSW),316553.0625
2025-07-21 09:27:22 AM,PM Autoclave 9,10.129.7.14,23,1213,Imported Energy CH3 (MSW),287057.65625
2025-07-21 09:27:22 AM,PM Autoclave 6,10.129.7.11,22,1213,Imported Energy CH3 (MSW),17897.642578125
2025-07-21 09:29:04 AM,PM C2P Substation,10.129.7.25,5,1213,Imported Energy CH3 (MSW),77891.46875
2025-07-21 09:29:04 AM,PM C1L2 Substation,10.129.7.22,4,1213,Imported Energy CH3 (MSW),112941.1328125
2025-07-21 09:29:04 AM,PM C1L1 Substation,10.129.7.21,3,1213,Imported Energy CH3 (MSW),29200.884765625
2025-07-21 09:29:04 AM,PM C2L Substation,10.129.7.24,9,1213,Imported Energy CH3 (MSW),83490.4765625
2025-07-21 09:29:04 AM,PM C1A Substation,10.129.7.23,11,1213,Imported Energy CH3 (MSW),1550326.0
2025-07-21 09:29:04 AM,PM Autoclave 8,10.129.7.13,8,1213,Imported Energy CH3 (MSW),61148.671875
2025-07-21 09:29:04 AM,PM A3 Substation,10.129.7.18,16,1213,Imported Energy CH3 (MSW),1368510.25
2025-07-21 09:29:04 AM,PM Autoclave 6,10.129.7.11,22,1213,Imported Energy CH3 (MSW),17897.646484375
2025-07-21 09:29:04 AM,PM B2 Substation,10.129.7.19,12,1213,Imported Energy CH3 (MSW),316553.875
2025-07-21 09:29:04 AM,PM Drop Bottom,10.129.7.16,15,1213,Imported Energy CH3 (MSW),295921.78125
2025-07-21 09:29:04 AM,PM Autoclave 10,10.129.7.15,20,1213,Imported Energy CH3 (MSW),373756.59375
2025-07-21 09:29:04 AM,PM Autoclave 5,10.129.7.10,6,1213,Imported Energy CH3 (MSW),195710.03125
2025-07-21 09:29:04 AM,PM Autoclave 2,10.129.7.8,7,1213,Imported Energy CH3 (MSW),7323.45703125
2025-07-21 09:29:04 AM,PM Autoclave 4,10.129.7.9,18,1213,Imported Energy CH3 (MSW),41046.29296875
2025-07-21 09:29:04 AM,PM Autoclave 9,10.129.7.14,23,1213,Imported Energy CH3 (MSW),287057.65625
2025-07-21 09:29:04 AM,PM A1 Substation,10.129.7.17,14,1213,Imported Energy CH3 (MSW),2934290.0
2025-07-21 09:30:46 AM,PM C1L1 Substation,10.129.7.21,3,1213,Imported Energy CH3 (MSW),29200.91796875
2025-07-21 09:30:46 AM,PM C1L2 Substation,10.129.7.22,4,1213,Imported Energy CH3 (MSW),112941.375
2025-07-21 09:30:46 AM,PM C2P Substation,10.129.7.25,5,1213,Imported Energy CH3 (MSW),77891.6640625
2025-07-21 09:30:46 AM,PM A3 Substation,10.129.7.18,16,1213,Imported Energy CH3 (MSW),1368511.75
2025-07-21 09:30:46 AM,PM Autoclave 3,10.129.7.7,17,1213,Imported Energy CH3 (MSW),34737.22265625
2025-07-21 09:30:46 AM,PM Drop Bottom,10.129.7.16,15,1213,Imported Energy CH3 (MSW),295922.28125
2025-07-21 09:30:46 AM,PM A1 Substation,10.129.7.17,14,1213,Imported Energy CH3 (MSW),2934293.0
2025-07-21 09:30:46 AM,PM Autoclave 2,10.129.7.8,7,1213,Imported Energy CH3 (MSW),7323.45703125
2025-07-21 09:30:46 AM,PM B2 Substation,10.129.7.19,12,1213,Imported Energy CH3 (MSW),316554.71875
2025-07-21 09:30:46 AM,PM C1A Substation,10.129.7.23,11,1213,Imported Energy CH3 (MSW),1550331.25
2025-07-21 09:30:46 AM,PM C2L Substation,10.129.7.24,9,1213,Imported Energy CH3 (MSW),83490.6875
2025-07-21 09:30:46 AM,PM Autoclave 1,10.129.7.6,19,1213,Imported Energy CH3 (MSW),89708.8515625
2025-07-21 09:30:46 AM,PM Autoclave 8,10.129.7.13,8,1213,Imported Energy CH3 (MSW),61148.671875
2025-07-21 09:30:46 AM,PM Autoclave 9,10.129.7.14,23,1213,Imported Energy CH3 (MSW),287057.65625
2025-07-21 09:30:46 AM,PM Autoclave 6,10.129.7.11,22,1213,Imported Energy CH3 (MSW),17897.650390625
2025-07-21 09:30:46 AM,PM Autoclave 10,10.129.7.15,20,1213,Imported Energy CH3 (MSW),373756.59375
2025-07-21 09:30:46 AM,PM Autoclave 4,10.129.7.9,18,1213,Imported Energy CH3 (MSW),41046.29296875
2025-07-21 09:30:46 AM,PM B3 Substation,10.129.7.20,13,1213,Imported Energy CH3 (MSW),935050.625
2025-07-21 09:30:46 AM,PM Autoclave 5,10.129.7.10,6,1213,Imported Energy CH3 (MSW),195710.21875
2025-07-21 09:31:49 AM,PM Autoclave 8,10.129.7.13,8,1213,Imported Energy CH3 (MSW),61148.671875
2025-07-21 09:31:49 AM,PM Drop Bottom,10.129.7.16,15,1213,Imported Energy CH3 (MSW),295922.5625
2025-07-21 09:31:49 AM,PM C2P Substation,10.129.7.25,5,1213,Imported Energy CH3 (MSW),77891.78125
2025-07-21 09:31:49 AM,PM B3 Substation,10.129.7.20,13,1213,Imported Energy CH3 (MSW),935051.3125
2025-07-21 09:31:49 AM,PM B2 Substation,10.129.7.19,12,1213,Imported Energy CH3 (MSW),316555.25
2025-07-21 09:31:49 AM,PM Autoclave 5,10.129.7.10,6,1213,Imported Energy CH3 (MSW),195710.25
2025-07-21 09:31:49 AM,PM Autoclave 2,10.129.7.8,7,1213,Imported Energy CH3 (MSW),7323.45703125
2025-07-21 09:31:49 AM,PM Autoclave 3,10.129.7.7,17,1213,Imported Energy CH3 (MSW),34737.22265625
2025-07-21 09:31:49 AM,PM Autoclave 10,10.129.7.15,20,1213,Imported Energy CH3 (MSW),373756.625
2025-07-21 09:31:49 AM,PM C2L Substation,10.129.7.24,9,1213,Imported Energy CH3 (MSW),83490.8203125
2025-07-21 09:31:49 AM,PM C1A Substation,10.129.7.23,11,1213,Imported Energy CH3 (MSW),1550334.75
2025-07-21 09:31:49 AM,PM A1 Substation,10.129.7.17,14,1213,Imported Energy CH3 (MSW),2934295.25
2025-07-21 09:31:49 AM,PM C1L2 Substation,10.129.7.22,4,1213,Imported Energy CH3 (MSW),112941.53125
2025-07-21 09:31:49 AM,PM Autoclave 4,10.129.7.9,18,1213,Imported Energy CH3 (MSW),41046.29296875
2025-07-21 09:31:49 AM,PM C1L1 Substation,10.129.7.21,3,1213,Imported Energy CH3 (MSW),29200.9375
2025-07-21 09:31:49 AM,PM A3 Substation,10.129.7.18,16,1213,Imported Energy CH3 (MSW),1368512.625
2025-07-21 09:31:49 AM,PM Autoclave 6,10.129.7.11,22,1213,Imported Energy CH3 (MSW),17897.654296875
2025-07-21 09:31:49 AM,PM Autoclave 9,10.129.7.14,23,1213,Imported Energy CH3 (MSW),287057.65625
2025-07-21 09:33:31 AM,PM C2P Substation,10.129.7.25,5,1213,Imported Energy CH3 (MSW),77891.9765625
2025-07-21 09:33:31 AM,PM Autoclave 8,10.129.7.13,8,1213,Imported Energy CH3 (MSW),61148.671875
2025-07-21 09:33:31 AM,PM Drop Bottom,10.129.7.16,15,1213,Imported Energy CH3 (MSW),295922.9375
2025-07-21 09:33:31 AM,PM A3 Substation,10.129.7.18,16,1213,Imported Energy CH3 (MSW),1368514.125
2025-07-21 09:33:31 AM,PM C1L2 Substation,10.129.7.22,4,1213,Imported Energy CH3 (MSW),112941.78125
2025-07-21 09:33:31 AM,PM B2 Substation,10.129.7.19,12,1213,Imported Energy CH3 (MSW),316556.0625
2025-07-21 09:33:31 AM,PM C2L Substation,10.129.7.24,9,1213,Imported Energy CH3 (MSW),83491.0078125
2025-07-21 09:33:31 AM,PM B3 Substation,10.129.7.20,13,1213,Imported Energy CH3 (MSW),935052.4375
2025-07-21 09:33:31 AM,PM Autoclave 6,10.129.7.11,22,1213,Imported Energy CH3 (MSW),17897.658203125
2025-07-21 09:33:31 AM,PM Autoclave 2,10.129.7.8,7,1213,Imported Energy CH3 (MSW),7323.45703125
2025-07-21 09:33:31 AM,PM C1L1 Substation,10.129.7.21,3,1213,Imported Energy CH3 (MSW),29200.97265625
2025-07-21 09:33:31 AM,PM Autoclave 5,10.129.7.10,6,1213,Imported Energy CH3 (MSW),195710.28125
2025-07-21 09:33:31 AM,PM Autoclave 10,10.129.7.15,20,1213,Imported Energy CH3 (MSW),373756.625
2025-07-21 09:33:31 AM,PM C1A Substation,10.129.7.23,11,1213,Imported Energy CH3 (MSW),1550340.25
2025-07-21 09:33:31 AM,PM A1 Substation,10.129.7.17,14,1213,Imported Energy CH3 (MSW),2934298.5
2025-07-21 09:33:31 AM,PM Autoclave 9,10.129.7.14,23,1213,Imported Energy CH3 (MSW),287057.65625
2025-07-21 09:33:31 AM,PM Autoclave 3,10.129.7.7,17,1213,Imported Energy CH3 (MSW),34737.22265625
2025-07-21 09:33:31 AM,PM Autoclave 4,10.129.7.9,18,1213,Imported Energy CH3 (MSW),41046.29296875
2025-07-21 09:35:12 AM,PM C1L1 Substation,10.129.7.21,3,1213,Imported Energy CH3 (MSW),29201.00390625
2025-07-21 09:35:12 AM,PM C1L2 Substation,10.129.7.22,4,1213,Imported Energy CH3 (MSW),112942.0390625
2025-07-21 09:35:12 AM,PM Autoclave 5,10.129.7.10,6,1213,Imported Energy CH3 (MSW),195710.328125
2025-07-21 09:35:12 AM,PM Autoclave 2,10.129.7.8,7,1213,Imported Energy CH3 (MSW),7323.45703125
2025-07-21 09:35:12 AM,PM C2P Substation,10.129.7.25,5,1213,Imported Energy CH3 (MSW),77892.171875
2025-07-21 09:35:12 AM,PM Autoclave 3,10.129.7.7,17,1213,Imported Energy CH3 (MSW),34737.22265625
2025-07-21 09:35:12 AM,PM C1A Substation,10.129.7.23,11,1213,Imported Energy CH3 (MSW),1550345.75
2025-07-21 09:35:12 AM,PM A1 Substation,10.129.7.17,14,1213,Imported Energy CH3 (MSW),2934302.0
2025-07-21 09:35:12 AM,PM C2L Substation,10.129.7.24,9,1213,Imported Energy CH3 (MSW),83491.1953125
2025-07-21 09:35:12 AM,PM Drop Bottom,10.129.7.16,15,1213,Imported Energy CH3 (MSW),295923.3125
2025-07-21 09:35:12 AM,PM B3 Substation,10.129.7.20,13,1213,Imported Energy CH3 (MSW),935053.5625
2025-07-21 09:35:12 AM,PM B2 Substation,10.129.7.19,12,1213,Imported Energy CH3 (MSW),316556.8125
2025-07-21 09:35:12 AM,PM Autoclave 6,10.129.7.11,22,1213,Imported Energy CH3 (MSW),17897.662109375
2025-07-21 09:35:12 AM,PM Autoclave 4,10.129.7.9,18,1213,Imported Energy CH3 (MSW),41046.29296875
2025-07-21 09:35:12 AM,PM A3 Substation,10.129.7.18,16,1213,Imported Energy CH3 (MSW),1368515.5
2025-07-21 09:35:12 AM,PM Autoclave 8,10.129.7.13,8,1213,Imported Energy CH3 (MSW),61148.671875
2025-07-21 09:35:12 AM,PM Autoclave 9,10.129.7.14,23,1213,Imported Energy CH3 (MSW),287057.65625
2025-07-21 09:35:12 AM,PM Autoclave 10,10.129.7.15,20,1213,Imported Energy CH3 (MSW),373756.625
2025-07-21 09:36:54 AM,PM C1L2 Substation,10.129.7.22,4,1213,Imported Energy CH3 (MSW),112942.2890625
2025-07-21 09:36:54 AM,PM C2P Substation,10.129.7.25,5,1213,Imported Energy CH3 (MSW),77892.3671875
2025-07-21 09:36:54 AM,PM C1L1 Substation,10.129.7.21,3,1213,Imported Energy CH3 (MSW),29201.037109375
2025-07-21 09:36:54 AM,PM Autoclave 5,10.129.7.10,6,1213,Imported Energy CH3 (MSW),195710.359375
2025-07-21 09:36:54 AM,PM A1 Substation,10.129.7.17,14,1213,Imported Energy CH3 (MSW),2934305.5
2025-07-21 09:36:54 AM,PM B2 Substation,10.129.7.19,12,1213,Imported Energy CH3 (MSW),316557.59375
2025-07-21 09:36:54 AM,PM Autoclave 8,10.129.7.13,8,1213,Imported Energy CH3 (MSW),61148.671875
2025-07-21 09:36:54 AM,PM C2L Substation,10.129.7.24,9,1213,Imported Energy CH3 (MSW),83491.3828125
2025-07-21 09:36:54 AM,PM Autoclave 2,10.129.7.8,7,1213,Imported Energy CH3 (MSW),7323.45703125
2025-07-21 09:36:54 AM,PM B3 Substation,10.129.7.20,13,1213,Imported Energy CH3 (MSW),935054.75
2025-07-21 09:36:54 AM,PM A3 Substation,10.129.7.18,16,1213,Imported Energy CH3 (MSW),1368516.875
2025-07-21 09:36:54 AM,PM Autoclave 3,10.129.7.7,17,1213,Imported Energy CH3 (MSW),34737.22265625
2025-07-21 09:36:54 AM,PM C1A Substation,10.129.7.23,11,1213,Imported Energy CH3 (MSW),1550350.875
2025-07-21 09:36:54 AM,PM Autoclave 6,10.129.7.11,22,1213,Imported Energy CH3 (MSW),17897.66796875
2025-07-21 09:36:54 AM,PM Autoclave 9,10.129.7.14,23,1213,Imported Energy CH3 (MSW),287057.65625
2025-07-21 09:36:54 AM,PM Autoclave 4,10.129.7.9,18,1213,Imported Energy CH3 (MSW),41046.29296875
2025-07-21 09:36:54 AM,PM Autoclave 10,10.129.7.15,20,1213,Imported Energy CH3 (MSW),373756.625
2025-07-21 09:38:35 AM,PM C2P Substation,10.129.7.25,5,1213,Imported Energy CH3 (MSW),77892.5625
2025-07-21 09:38:35 AM,PM C1L2 Substation,10.129.7.22,4,1213,Imported Energy CH3 (MSW),112942.5234375
2025-07-21 09:38:35 AM,PM Autoclave 2,10.129.7.8,7,1213,Imported Energy CH3 (MSW),7323.45703125
2025-07-21 09:38:35 AM,PM Autoclave 5,10.129.7.10,6,1213,Imported Energy CH3 (MSW),195710.40625
2025-07-21 09:38:35 AM,PM C1L1 Substation,10.129.7.21,3,1213,Imported Energy CH3 (MSW),29201.0703125
2025-07-21 09:38:35 AM,PM A1 Substation,10.129.7.17,14,1213,Imported Energy CH3 (MSW),2934309.25
2025-07-21 09:38:35 AM,PM C1A Substation,10.129.7.23,11,1213,Imported Energy CH3 (MSW),1550357.0
2025-07-21 09:38:35 AM,PM Autoclave 8,10.129.7.13,8,1213,Imported Energy CH3 (MSW),61148.671875
2025-07-21 09:38:35 AM,PM B3 Substation,10.129.7.20,13,1213,Imported Energy CH3 (MSW),935055.875
2025-07-21 09:38:35 AM,PM C2L Substation,10.129.7.24,9,1213,Imported Energy CH3 (MSW),83491.578125
2025-07-21 09:38:35 AM,PM Autoclave 10,10.129.7.15,20,1213,Imported Energy CH3 (MSW),373756.625
2025-07-21 09:38:35 AM,PM Autoclave 3,10.129.7.7,17,1213,Imported Energy CH3 (MSW),34737.22265625
2025-07-21 09:38:35 AM,PM Autoclave 9,10.129.7.14,23,1213,Imported Energy CH3 (MSW),287057.65625
2025-07-21 09:38:35 AM,PM Autoclave 6,10.129.7.11,22,1213,Imported Energy CH3 (MSW),17897.671875
2025-07-21 09:38:35 AM,PM B2 Substation,10.129.7.19,12,1213,Imported Energy CH3 (MSW),316558.34375
2025-07-21 09:38:35 AM,PM A3 Substation,10.129.7.18,16,1213,Imported Energy CH3 (MSW),1368518.375
2025-07-21 09:38:35 AM,PM Autoclave 4,10.129.7.9,18,1213,Imported Energy CH3 (MSW),41046.29296875
2025-07-21 09:40:17 AM,PM C2P Substation,10.129.7.25,5,1213,Imported Energy CH3 (MSW),77892.7578125
2025-07-21 09:40:17 AM,PM C1L2 Substation,10.129.7.22,4,1213,Imported Energy CH3 (MSW),112942.75
2025-07-21 09:40:17 AM,PM Autoclave 5,10.129.7.10,6,1213,Imported Energy CH3 (MSW),195710.453125
2025-07-21 09:40:17 AM,PM C2L Substation,10.129.7.24,9,1213,Imported Energy CH3 (MSW),83491.7890625
2025-07-21 09:40:17 AM,PM C1A Substation,10.129.7.23,11,1213,Imported Energy CH3 (MSW),1550363.125
2025-07-21 09:40:17 AM,PM Autoclave 3,10.129.7.7,17,1213,Imported Energy CH3 (MSW),34737.22265625
2025-07-21 09:40:17 AM,PM Autoclave 9,10.129.7.14,23,1213,Imported Energy CH3 (MSW),287057.65625
2025-07-21 09:40:17 AM,PM B3 Substation,10.129.7.20,13,1213,Imported Energy CH3 (MSW),935057.0
2025-07-21 09:40:17 AM,PM Autoclave 6,10.129.7.11,22,1213,Imported Energy CH3 (MSW),17897.67578125
2025-07-21 09:40:17 AM,PM B2 Substation,10.129.7.19,12,1213,Imported Energy CH3 (MSW),316559.0625
2025-07-21 09:40:17 AM,PM A1 Substation,10.129.7.17,14,1213,Imported Energy CH3 (MSW),2934313.0
2025-07-21 09:40:17 AM,PM Autoclave 4,10.129.7.9,18,1213,Imported Energy CH3 (MSW),41046.29296875
2025-07-21 09:40:17 AM,PM C1L1 Substation,10.129.7.21,3,1213,Imported Energy CH3 (MSW),29201.103515625
2025-07-21 09:40:17 AM,PM Autoclave 2,10.129.7.8,7,1213,Imported Energy CH3 (MSW),7323.45703125
2025-07-21 09:40:17 AM,PM Autoclave 8,10.129.7.13,8,1213,Imported Energy CH3 (MSW),61148.671875
2025-07-21 09:40:17 AM,PM Autoclave 10,10.129.7.15,20,1213,Imported Energy CH3 (MSW),373756.65625
2025-07-21 09:40:17 AM,PM A3 Substation,10.129.7.18,16,1213,Imported Energy CH3 (MSW),1368519.75
2025-07-21 09:41:59 AM,PM Autoclave 8,10.129.7.13,8,1213,Imported Energy CH3 (MSW),61148.671875
2025-07-21 09:41:59 AM,PM C2P Substation,10.129.7.25,5,1213,Imported Energy CH3 (MSW),77892.9453125
2025-07-21 09:41:59 AM,PM C1L2 Substation,10.129.7.22,4,1213,Imported Energy CH3 (MSW),112942.984375
2025-07-21 09:41:59 AM,PM Autoclave 6,10.129.7.11,22,1213,Imported Energy CH3 (MSW),17897.6796875
2025-07-21 09:41:59 AM,PM B2 Substation,10.129.7.19,12,1213,Imported Energy CH3 (MSW),316559.84375
2025-07-21 09:41:59 AM,PM Autoclave 4,10.129.7.9,18,1213,Imported Energy CH3 (MSW),41046.29296875
2025-07-21 09:41:59 AM,PM Autoclave 1,10.129.7.6,19,1213,Imported Energy CH3 (MSW),89708.8515625
2025-07-21 09:41:59 AM,PM Autoclave 10,10.129.7.15,20,1213,Imported Energy CH3 (MSW),373756.65625
2025-07-21 09:41:59 AM,PM Autoclave 9,10.129.7.14,23,1213,Imported Energy CH3 (MSW),287057.65625
2025-07-21 09:41:59 AM,PM C2L Substation,10.129.7.24,9,1213,Imported Energy CH3 (MSW),83492.0234375
2025-07-21 09:41:59 AM,PM C1A Substation,10.129.7.23,11,1213,Imported Energy CH3 (MSW),1550368.625
2025-07-21 09:41:59 AM,PM Autoclave 5,10.129.7.10,6,1213,Imported Energy CH3 (MSW),195710.484375
2025-07-21 09:41:59 AM,PM A1 Substation,10.129.7.17,14,1213,Imported Energy CH3 (MSW),2934317.0
2025-07-21 09:41:59 AM,PM Autoclave 3,10.129.7.7,17,1213,Imported Energy CH3 (MSW),34737.22265625
2025-07-21 09:41:59 AM,PM Autoclave 2,10.129.7.8,7,1213,Imported Energy CH3 (MSW),7323.45703125
2025-07-21 09:41:59 AM,PM C1L1 Substation,10.129.7.21,3,1213,Imported Energy CH3 (MSW),29201.13671875
2025-07-21 09:41:59 AM,PM A3 Substation,10.129.7.18,16,1213,Imported Energy CH3 (MSW),1368521.25
2025-07-21 09:41:59 AM,PM B3 Substation,10.129.7.20,13,1213,Imported Energy CH3 (MSW),935058.1875
2025-07-21 09:43:40 AM,PM C1L2 Substation,10.129.7.22,4,1213,Imported Energy CH3 (MSW),112943.2265625
2025-07-21 09:43:40 AM,PM Autoclave 5,10.129.7.10,6,1213,Imported Energy CH3 (MSW),195710.53125
2025-07-21 09:43:40 AM,PM C2L Substation,10.129.7.24,9,1213,Imported Energy CH3 (MSW),83492.234375
2025-07-21 09:43:40 AM,PM C1L1 Substation,10.129.7.21,3,1213,Imported Energy CH3 (MSW),29201.171875
2025-07-21 09:43:40 AM,PM C2P Substation,10.129.7.25,5,1213,Imported Energy CH3 (MSW),77893.140625
2025-07-21 09:43:40 AM,PM B2 Substation,10.129.7.19,12,1213,Imported Energy CH3 (MSW),316560.5625
2025-07-21 09:43:40 AM,PM Autoclave 1,10.129.7.6,19,1213,Imported Energy CH3 (MSW),89708.8515625
2025-07-21 09:43:40 AM,PM Autoclave 4,10.129.7.9,18,1213,Imported Energy CH3 (MSW),41046.29296875
2025-07-21 09:43:40 AM,PM Autoclave 6,10.129.7.11,22,1213,Imported Energy CH3 (MSW),17897.685546875
2025-07-21 09:43:40 AM,PM Autoclave 10,10.129.7.15,20,1213,Imported Energy CH3 (MSW),373756.65625
2025-07-21 09:43:40 AM,PM C1A Substation,10.129.7.23,11,1213,Imported Energy CH3 (MSW),1550373.625
2025-07-21 09:43:40 AM,PM A3 Substation,10.129.7.18,16,1213,Imported Energy CH3 (MSW),1368522.75
2025-07-21 09:43:40 AM,PM Autoclave 3,10.129.7.7,17,1213,Imported Energy CH3 (MSW),34737.22265625
2025-07-21 09:43:40 AM,PM Autoclave 2,10.129.7.8,7,1213,Imported Energy CH3 (MSW),7323.45703125
2025-07-21 09:43:40 AM,PM Autoclave 8,10.129.7.13,8,1213,Imported Energy CH3 (MSW),61148.671875
2025-07-21 09:43:40 AM,PM Autoclave 9,10.129.7.14,23,1213,Imported Energy CH3 (MSW),287057.65625
2025-07-21 09:43:40 AM,PM A1 Substation,10.129.7.17,14,1213,Imported Energy CH3 (MSW),2934320.75
2025-07-21 09:43:40 AM,PM B3 Substation,10.129.7.20,13,1213,Imported Energy CH3 (MSW),935059.3125
2025-07-21 09:45:22 AM,PM C1L1 Substation,10.129.7.21,3,1213,Imported Energy CH3 (MSW),29201.205078125
2025-07-21 09:45:22 AM,PM C2P Substation,10.129.7.25,5,1213,Imported Energy CH3 (MSW),77893.328125
2025-07-21 09:45:22 AM,PM Autoclave 5,10.129.7.10,6,1213,Imported Energy CH3 (MSW),195710.609375
2025-07-21 09:45:22 AM,PM C1L2 Substation,10.129.7.22,4,1213,Imported Energy CH3 (MSW),112943.484375
2025-07-21 09:45:22 AM,PM Autoclave 3,10.129.7.7,17,1213,Imported Energy CH3 (MSW),34737.22265625
2025-07-21 09:45:22 AM,PM Autoclave 2,10.129.7.8,7,1213,Imported Energy CH3 (MSW),7323.45703125
2025-07-21 09:45:22 AM,PM C2L Substation,10.129.7.24,9,1213,Imported Energy CH3 (MSW),83492.453125
2025-07-21 09:45:22 AM,PM Autoclave 8,10.129.7.13,8,1213,Imported Energy CH3 (MSW),61148.671875
2025-07-21 09:45:22 AM,PM C1A Substation,10.129.7.23,11,1213,Imported Energy CH3 (MSW),1550379.25
2025-07-21 09:45:22 AM,PM Autoclave 1,10.129.7.6,19,1213,Imported Energy CH3 (MSW),89708.8515625
2025-07-21 09:45:22 AM,PM Autoclave 9,10.129.7.14,23,1213,Imported Energy CH3 (MSW),287057.65625
2025-07-21 09:45:22 AM,PM B3 Substation,10.129.7.20,13,1213,Imported Energy CH3 (MSW),935060.5
2025-07-21 09:45:22 AM,PM A1 Substation,10.129.7.17,14,1213,Imported Energy CH3 (MSW),2934324.5
2025-07-21 09:45:22 AM,PM Autoclave 4,10.129.7.9,18,1213,Imported Energy CH3 (MSW),41046.29296875
2025-07-21 09:45:22 AM,PM Autoclave 6,10.129.7.11,22,1213,Imported Energy CH3 (MSW),17897.689453125
2025-07-21 09:45:22 AM,PM B2 Substation,10.129.7.19,12,1213,Imported Energy CH3 (MSW),316561.34375
2025-07-21 09:45:22 AM,PM Autoclave 10,10.129.7.15,20,1213,Imported Energy CH3 (MSW),373756.65625
2025-07-21 09:45:22 AM,PM A3 Substation,10.129.7.18,16,1213,Imported Energy CH3 (MSW),1368524.125
2025-07-21 09:47:03 AM,PM C2P Substation,10.129.7.25,5,1213,Imported Energy CH3 (MSW),77893.5234375
2025-07-21 09:47:03 AM,PM Autoclave 5,10.129.7.10,6,1213,Imported Energy CH3 (MSW),195710.765625
2025-07-21 09:47:03 AM,PM C1L2 Substation,10.129.7.22,4,1213,Imported Energy CH3 (MSW),112943.7265625
2025-07-21 09:47:03 AM,PM C1L1 Substation,10.129.7.21,3,1213,Imported Energy CH3 (MSW),29201.240234375
2025-07-21 09:47:03 AM,PM Autoclave 2,10.129.7.8,7,1213,Imported Energy CH3 (MSW),7323.45703125
2025-07-21 09:47:03 AM,PM C2L Substation,10.129.7.24,9,1213,Imported Energy CH3 (MSW),83492.671875
2025-07-21 09:47:03 AM,PM Autoclave 8,10.129.7.13,8,1213,Imported Energy CH3 (MSW),61148.671875
2025-07-21 09:47:03 AM,PM C1A Substation,10.129.7.23,11,1213,Imported Energy CH3 (MSW),1550385.125
2025-07-21 09:47:03 AM,PM Autoclave 3,10.129.7.7,17,1213,Imported Energy CH3 (MSW),34737.22265625
2025-07-21 09:47:03 AM,PM B2 Substation,10.129.7.19,12,1213,Imported Energy CH3 (MSW),316562.125
2025-07-21 09:47:04 AM,PM B3 Substation,10.129.7.20,13,1213,Imported Energy CH3 (MSW),935061.6875
2025-07-21 09:47:04 AM,PM A1 Substation,10.129.7.17,14,1213,Imported Energy CH3 (MSW),2934328.0
2025-07-21 09:47:04 AM,PM Autoclave 4,10.129.7.9,18,1213,Imported Energy CH3 (MSW),41046.29296875
2025-07-21 09:47:04 AM,PM Autoclave 10,10.129.7.15,20,1213,Imported Energy CH3 (MSW),373756.65625
2025-07-21 09:47:04 AM,PM Autoclave 1,10.129.7.6,19,1213,Imported Energy CH3 (MSW),89708.8515625
2025-07-21 09:47:04 AM,PM Autoclave 9,10.129.7.14,23,1213,Imported Energy CH3 (MSW),287057.65625
2025-07-21 09:47:04 AM,PM Drop Bottom,10.129.7.16,15,1213,Imported Energy CH3 (MSW),295926.3125
2025-07-21 09:47:04 AM,PM Autoclave 6,10.129.7.11,22,1213,Imported Energy CH3 (MSW),17897.6953125
2025-07-21 09:47:04 AM,PM A3 Substation,10.129.7.18,16,1213,Imported Energy CH3 (MSW),1368525.5
2025-07-21 09:48:07 AM,PM C2P Substation,10.129.7.25,5,1213,Imported Energy CH3 (MSW),77893.6484375
2025-07-21 09:48:07 AM,PM Autoclave 5,10.129.7.10,6,1213,Imported Energy CH3 (MSW),195710.859375
2025-07-21 09:48:07 AM,PM C1L2 Substation,10.129.7.22,4,1213,Imported Energy CH3 (MSW),112943.8828125
2025-07-21 09:48:07 AM,PM C1A Substation,10.129.7.23,11,1213,Imported Energy CH3 (MSW),1550389.125
2025-07-21 09:48:07 AM,PM Autoclave 1,10.129.7.6,19,1213,Imported Energy CH3 (MSW),89708.8515625
2025-07-21 09:48:07 AM,PM C2L Substation,10.129.7.24,9,1213,Imported Energy CH3 (MSW),83492.796875
2025-07-21 09:48:07 AM,PM Autoclave 8,10.129.7.13,8,1213,Imported Energy CH3 (MSW),61148.671875
2025-07-21 09:48:07 AM,PM A3 Substation,10.129.7.18,16,1213,Imported Energy CH3 (MSW),1368526.5
2025-07-21 09:48:07 AM,PM B2 Substation,10.129.7.19,12,1213,Imported Energy CH3 (MSW),316562.625
2025-07-21 09:48:07 AM,PM B3 Substation,10.129.7.20,13,1213,Imported Energy CH3 (MSW),935062.375
2025-07-21 09:48:07 AM,PM Autoclave 10,10.129.7.15,20,1213,Imported Energy CH3 (MSW),373756.65625
2025-07-21 09:48:07 AM,PM Drop Bottom,10.129.7.16,15,1213,Imported Energy CH3 (MSW),295926.59375
2025-07-21 09:48:07 AM,PM A1 Substation,10.129.7.17,14,1213,Imported Energy CH3 (MSW),2934330.25
2025-07-21 09:48:07 AM,PM Autoclave 3,10.129.7.7,17,1213,Imported Energy CH3 (MSW),34737.22265625
2025-07-21 09:48:07 AM,PM Autoclave 2,10.129.7.8,7,1213,Imported Energy CH3 (MSW),7323.45703125
2025-07-21 09:49:48 AM,PM C2P Substation,10.129.7.25,5,1213,Imported Energy CH3 (MSW),77893.8515625
2025-07-21 09:49:48 AM,PM C1L2 Substation,10.129.7.22,4,1213,Imported Energy CH3 (MSW),112944.125
2025-07-21 09:49:48 AM,PM Autoclave 2,10.129.7.8,7,1213,Imported Energy CH3 (MSW),7323.45703125
2025-07-21 09:49:48 AM,PM Autoclave 8,10.129.7.13,8,1213,Imported Energy CH3 (MSW),61148.671875
2025-07-21 09:49:48 AM,PM B2 Substation,10.129.7.19,12,1213,Imported Energy CH3 (MSW),316563.40625
2025-07-21 09:49:48 AM,PM Autoclave 5,10.129.7.10,6,1213,Imported Energy CH3 (MSW),195711.015625
2025-07-21 09:49:48 AM,PM C1A Substation,10.129.7.23,11,1213,Imported Energy CH3 (MSW),1550395.625
2025-07-21 09:49:48 AM,PM C2L Substation,10.129.7.24,9,1213,Imported Energy CH3 (MSW),83493.0
2025-07-21 09:49:48 AM,PM Drop Bottom,10.129.7.16,15,1213,Imported Energy CH3 (MSW),295926.96875
2025-07-21 09:49:48 AM,PM A3 Substation,10.129.7.18,16,1213,Imported Energy CH3 (MSW),1368528.0
2025-07-21 09:49:48 AM,PM A1 Substation,10.129.7.17,14,1213,Imported Energy CH3 (MSW),2934334.0
2025-07-21 09:49:48 AM,PM Autoclave 1,10.129.7.6,19,1213,Imported Energy CH3 (MSW),89708.8515625
2025-07-21 09:49:48 AM,PM Autoclave 10,10.129.7.15,20,1213,Imported Energy CH3 (MSW),373756.6875
2025-07-21 09:49:48 AM,PM Autoclave 3,10.129.7.7,17,1213,Imported Energy CH3 (MSW),34737.22265625
2025-07-21 09:49:49 AM,PM B3 Substation,10.129.7.20,13,1213,Imported Energy CH3 (MSW),935063.5625
2025-07-21 09:51:30 AM,PM C1L2 Substation,10.129.7.22,4,1213,Imported Energy CH3 (MSW),112944.3671875
2025-07-21 09:51:30 AM,PM Autoclave 5,10.129.7.10,6,1213,Imported Energy CH3 (MSW),195711.171875
2025-07-21 09:51:30 AM,PM B2 Substation,10.129.7.19,12,1213,Imported Energy CH3 (MSW),316564.1875
2025-07-21 09:51:30 AM,PM Autoclave 8,10.129.7.13,8,1213,Imported Energy CH3 (MSW),61148.671875
2025-07-21 09:51:30 AM,PM C1A Substation,10.129.7.23,11,1213,Imported Energy CH3 (MSW),1550401.125
2025-07-21 09:51:30 AM,PM Autoclave 3,10.129.7.7,17,1213,Imported Energy CH3 (MSW),34737.22265625
2025-07-21 09:51:30 AM,PM Drop Bottom,10.129.7.16,15,1213,Imported Energy CH3 (MSW),295927.375
2025-07-21 09:51:30 AM,PM C2L Substation,10.129.7.24,9,1213,Imported Energy CH3 (MSW),83493.2109375
2025-07-21 09:51:30 AM,PM B3 Substation,10.129.7.20,13,1213,Imported Energy CH3 (MSW),935064.6875
2025-07-21 09:51:30 AM,PM Autoclave 10,10.129.7.15,20,1213,Imported Energy CH3 (MSW),373756.6875
2025-07-21 09:51:30 AM,PM C2P Substation,10.129.7.25,5,1213,Imported Energy CH3 (MSW),77894.0546875
2025-07-21 09:51:30 AM,PM A1 Substation,10.129.7.17,14,1213,Imported Energy CH3 (MSW),2934338.25
2025-07-21 09:51:30 AM,PM Autoclave 2,10.129.7.8,7,1213,Imported Energy CH3 (MSW),7323.45703125
2025-07-21 09:51:30 AM,PM Autoclave 1,10.129.7.6,19,1213,Imported Energy CH3 (MSW),89708.8515625
2025-07-21 09:51:30 AM,PM A3 Substation,10.129.7.18,16,1213,Imported Energy CH3 (MSW),1368529.5
2025-07-21 09:53:12 AM,PM A1 Substation,10.129.7.17,14,1213,Imported Energy CH3 (MSW),2934342.25
2025-07-21 09:53:12 AM,PM Autoclave 8,10.129.7.13,8,1213,Imported Energy CH3 (MSW),61148.671875
2025-07-21 09:53:12 AM,PM C2P Substation,10.129.7.25,5,1213,Imported Energy CH3 (MSW),77894.2578125
2025-07-21 09:53:12 AM,PM B2 Substation,10.129.7.19,12,1213,Imported Energy CH3 (MSW),316564.96875
2025-07-21 09:53:12 AM,PM Drop Bottom,10.129.7.16,15,1213,Imported Energy CH3 (MSW),295927.75
2025-07-21 09:53:12 AM,PM Autoclave 2,10.129.7.8,7,1213,Imported Energy CH3 (MSW),7323.45703125
2025-07-21 09:53:12 AM,PM C2L Substation,10.129.7.24,9,1213,Imported Energy CH3 (MSW),83493.3828125
2025-07-21 09:53:12 AM,PM C1L2 Substation,10.129.7.22,4,1213,Imported Energy CH3 (MSW),112944.6171875
2025-07-21 09:53:12 AM,PM C1A Substation,10.129.7.23,11,1213,Imported Energy CH3 (MSW),1550407.125
2025-07-21 09:53:12 AM,PM B3 Substation,10.129.7.20,13,1213,Imported Energy CH3 (MSW),935065.8125
2025-07-21 09:53:12 AM,PM Autoclave 5,10.129.7.10,6,1213,Imported Energy CH3 (MSW),195711.34375
2025-07-21 09:53:12 AM,PM Autoclave 3,10.129.7.7,17,1213,Imported Energy CH3 (MSW),34737.22265625
2025-07-21 09:53:12 AM,PM Autoclave 10,10.129.7.15,20,1213,Imported Energy CH3 (MSW),373756.6875
2025-07-21 09:53:12 AM,PM A3 Substation,10.129.7.18,16,1213,Imported Energy CH3 (MSW),1368531.0
2025-07-21 09:53:12 AM,PM Autoclave 1,10.129.7.6,19,1213,Imported Energy CH3 (MSW),89708.8515625
2025-07-21 09:54:54 AM,PM C1A Substation,10.129.7.23,11,1213,Imported Energy CH3 (MSW),1550413.125
2025-07-21 09:54:54 AM,PM A3 Substation,10.129.7.18,16,1213,Imported Energy CH3 (MSW),1368532.5
2025-07-21 09:54:54 AM,PM Autoclave 8,10.129.7.13,8,1213,Imported Energy CH3 (MSW),61148.671875
2025-07-21 09:54:54 AM,PM C1L2 Substation,10.129.7.22,4,1213,Imported Energy CH3 (MSW),112944.859375
2025-07-21 09:54:54 AM,PM C2P Substation,10.129.7.25,5,1213,Imported Energy CH3 (MSW),77894.453125
2025-07-21 09:54:54 AM,PM Autoclave 2,10.129.7.8,7,1213,Imported Energy CH3 (MSW),7323.45751953125
2025-07-21 09:54:54 AM,PM Autoclave 3,10.129.7.7,17,1213,Imported Energy CH3 (MSW),34737.22265625
2025-07-21 09:54:54 AM,PM Autoclave 1,10.129.7.6,19,1213,Imported Energy CH3 (MSW),89708.8515625
2025-07-21 09:54:54 AM,PM Autoclave 5,10.129.7.10,6,1213,Imported Energy CH3 (MSW),195711.5
2025-07-21 09:54:54 AM,PM Drop Bottom,10.129.7.16,15,1213,Imported Energy CH3 (MSW),295928.125
2025-07-21 09:54:54 AM,PM C2L Substation,10.129.7.24,9,1213,Imported Energy CH3 (MSW),83493.578125
2025-07-21 09:54:54 AM,PM A1 Substation,10.129.7.17,14,1213,Imported Energy CH3 (MSW),2934346.0
2025-07-21 09:54:54 AM,PM B3 Substation,10.129.7.20,13,1213,Imported Energy CH3 (MSW),935066.9375
2025-07-21 09:54:54 AM,PM B2 Substation,10.129.7.19,12,1213,Imported Energy CH3 (MSW),316565.71875
2025-07-21 09:54:54 AM,PM Autoclave 10,10.129.7.15,20,1213,Imported Energy CH3 (MSW),373756.6875
2025-07-21 09:56:35 AM,PM C2P Substation,10.129.7.25,5,1213,Imported Energy CH3 (MSW),77894.6484375
2025-07-21 09:56:35 AM,PM C1A Substation,10.129.7.23,11,1213,Imported Energy CH3 (MSW),1550419.5
2025-07-21 09:56:36 AM,PM Drop Bottom,10.129.7.16,15,1213,Imported Energy CH3 (MSW),295928.59375
2025-07-21 09:56:36 AM,PM Autoclave 5,10.129.7.10,6,1213,Imported Energy CH3 (MSW),195711.65625
2025-07-21 09:56:36 AM,PM B2 Substation,10.129.7.19,12,1213,Imported Energy CH3 (MSW),316566.5
2025-07-21 09:56:36 AM,PM Autoclave 2,10.129.7.8,7,1213,Imported Energy CH3 (MSW),7323.45751953125
2025-07-21 09:56:36 AM,PM Autoclave 1,10.129.7.6,19,1213,Imported Energy CH3 (MSW),89708.8515625
2025-07-21 09:56:36 AM,PM Autoclave 3,10.129.7.7,17,1213,Imported Energy CH3 (MSW),34737.22265625
2025-07-21 09:56:36 AM,PM B3 Substation,10.129.7.20,13,1213,Imported Energy CH3 (MSW),935068.0625
2025-07-21 09:56:36 AM,PM A3 Substation,10.129.7.18,16,1213,Imported Energy CH3 (MSW),1368534.0
2025-07-21 09:56:36 AM,PM C2L Substation,10.129.7.24,9,1213,Imported Energy CH3 (MSW),83493.7890625
2025-07-21 09:56:36 AM,PM Autoclave 10,10.129.7.15,20,1213,Imported Energy CH3 (MSW),373756.6875
2025-07-21 09:56:36 AM,PM A1 Substation,10.129.7.17,14,1213,Imported Energy CH3 (MSW),2934349.5
2025-07-21 09:56:36 AM,PM Autoclave 8,10.129.7.13,8,1213,Imported Energy CH3 (MSW),61148.671875
2025-07-21 09:56:36 AM,PM C1L2 Substation,10.129.7.22,4,1213,Imported Energy CH3 (MSW),112945.1015625
2025-07-21 09:58:17 AM,PM C1L1 Substation,10.129.7.21,3,1213,Imported Energy CH3 (MSW),29201.462890625
2025-07-21 09:58:17 AM,PM C1A Substation,10.129.7.23,11,1213,Imported Energy CH3 (MSW),1550426.125
2025-07-21 09:58:17 AM,PM Autoclave 6,10.129.7.11,22,1213,Imported Energy CH3 (MSW),17897.7421875
2025-07-21 09:58:17 AM,PM A1 Substation,10.129.7.17,14,1213,Imported Energy CH3 (MSW),2934353.0
2025-07-21 09:58:17 AM,PM Autoclave 3,10.129.7.7,17,1213,Imported Energy CH3 (MSW),34737.22265625
2025-07-21 09:58:17 AM,PM Autoclave 8,10.129.7.13,8,1213,Imported Energy CH3 (MSW),61148.671875
2025-07-21 09:58:17 AM,PM Autoclave 5,10.129.7.10,6,1213,Imported Energy CH3 (MSW),195711.828125
2025-07-21 09:58:17 AM,PM Autoclave 2,10.129.7.8,7,1213,Imported Energy CH3 (MSW),7323.45751953125
2025-07-21 09:58:17 AM,PM B3 Substation,10.129.7.20,13,1213,Imported Energy CH3 (MSW),935069.1875
2025-07-21 09:58:17 AM,PM Autoclave 1,10.129.7.6,19,1213,Imported Energy CH3 (MSW),89708.8515625
2025-07-21 09:58:17 AM,PM Autoclave 4,10.129.7.9,18,1213,Imported Energy CH3 (MSW),41046.29296875
2025-07-21 09:58:17 AM,PM A3 Substation,10.129.7.18,16,1213,Imported Energy CH3 (MSW),1368535.5
2025-07-21 09:58:17 AM,PM B2 Substation,10.129.7.19,12,1213,Imported Energy CH3 (MSW),316567.28125
2025-07-21 09:58:17 AM,PM Autoclave 9,10.129.7.14,23,1213,Imported Energy CH3 (MSW),287057.65625
2025-07-21 09:58:17 AM,PM Autoclave 10,10.129.7.15,20,1213,Imported Energy CH3 (MSW),373756.71875
2025-07-21 09:58:17 AM,PM Drop Bottom,10.129.7.16,15,1213,Imported Energy CH3 (MSW),295929.09375
2025-07-21 09:58:17 AM,PM C1L2 Substation,10.129.7.22,4,1213,Imported Energy CH3 (MSW),112945.34375
2025-07-21 09:58:17 AM,PM C2L Substation,10.129.7.24,9,1213,Imported Energy CH3 (MSW),83493.96875
2025-07-21 09:58:18 AM,PM C2P Substation,10.129.7.25,5,1213,Imported Energy CH3 (MSW),77894.84375
2025-07-21 09:59:21 AM,PM C1L1 Substation,10.129.7.21,3,1213,Imported Energy CH3 (MSW),29201.484375
2025-07-21 09:59:21 AM,PM C2P Substation,10.129.7.25,5,1213,Imported Energy CH3 (MSW),77894.9609375
2025-07-21 09:59:21 AM,PM C1L2 Substation,10.129.7.22,4,1213,Imported Energy CH3 (MSW),112945.4765625
2025-07-21 09:59:21 AM,PM B2 Substation,10.129.7.19,12,1213,Imported Energy CH3 (MSW),316567.75
2025-07-21 09:59:21 AM,PM Autoclave 5,10.129.7.10,6,1213,Imported Energy CH3 (MSW),195711.921875
2025-07-21 09:59:21 AM,PM Autoclave 2,10.129.7.8,7,1213,Imported Energy CH3 (MSW),7323.45751953125
2025-07-21 09:59:21 AM,PM A1 Substation,10.129.7.17,14,1213,Imported Energy CH3 (MSW),2934355.25
2025-07-21 09:59:21 AM,PM Autoclave 8,10.129.7.13,8,1213,Imported Energy CH3 (MSW),61148.671875
2025-07-21 09:59:21 AM,PM C1A Substation,10.129.7.23,11,1213,Imported Energy CH3 (MSW),1550430.375
2025-07-21 09:59:21 AM,PM Autoclave 3,10.129.7.7,17,1213,Imported Energy CH3 (MSW),34737.22265625
2025-07-21 09:59:21 AM,PM C2L Substation,10.129.7.24,9,1213,Imported Energy CH3 (MSW),83494.0859375
2025-07-21 09:59:21 AM,PM Autoclave 10,10.129.7.15,20,1213,Imported Energy CH3 (MSW),373756.71875
2025-07-21 09:59:21 AM,PM A3 Substation,10.129.7.18,16,1213,Imported Energy CH3 (MSW),1368536.5
2025-07-21 09:59:21 AM,PM Drop Bottom,10.129.7.16,15,1213,Imported Energy CH3 (MSW),295929.4375
2025-07-21 09:59:21 AM,PM Autoclave 9,10.129.7.14,23,1213,Imported Energy CH3 (MSW),287057.65625
2025-07-21 09:59:21 AM,PM B3 Substation,10.129.7.20,13,1213,Imported Energy CH3 (MSW),935069.9375
2025-07-21 09:59:21 AM,PM Autoclave 4,10.129.7.9,18,1213,Imported Energy CH3 (MSW),41046.29296875
2025-07-21 09:59:21 AM,PM Autoclave 6,10.129.7.11,22,1213,Imported Energy CH3 (MSW),17897.748046875
2025-07-21 09:59:33 AM,PM Autoclave 1,10.129.7.6,19,1213,Imported Energy CH3 (MSW),89708.8515625
2025-07-21 10:00:36 AM,PM Autoclave 8,10.129.7.13,8,1213,Imported Energy CH3 (MSW),61148.671875
2025-07-21 10:00:36 AM,PM B2 Substation,10.129.7.19,12,1213,Imported Energy CH3 (MSW),316568.3125
2025-07-21 10:00:36 AM,PM Drop Bottom,10.129.7.16,15,1213,Imported Energy CH3 (MSW),295929.78125
2025-07-21 10:00:36 AM,PM Autoclave 9,10.129.7.14,23,1213,Imported Energy CH3 (MSW),287057.65625
2025-07-21 10:00:36 AM,PM C1L2 Substation,10.129.7.22,4,1213,Imported Energy CH3 (MSW),112945.6484375
2025-07-21 10:00:36 AM,PM A1 Substation,10.129.7.17,14,1213,Imported Energy CH3 (MSW),2934357.75
2025-07-21 10:00:36 AM,PM C1L1 Substation,10.129.7.21,3,1213,Imported Energy CH3 (MSW),29201.509765625
2025-07-21 10:00:36 AM,PM Autoclave 5,10.129.7.10,6,1213,Imported Energy CH3 (MSW),195712.046875
2025-07-21 10:00:36 AM,PM Autoclave 10,10.129.7.15,20,1213,Imported Energy CH3 (MSW),373756.71875
2025-07-21 10:00:36 AM,PM Autoclave 6,10.129.7.11,22,1213,Imported Energy CH3 (MSW),17897.751953125
2025-07-21 10:00:36 AM,PM C2L Substation,10.129.7.24,9,1213,Imported Energy CH3 (MSW),83494.21875
2025-07-21 10:00:36 AM,PM B3 Substation,10.129.7.20,13,1213,Imported Energy CH3 (MSW),935070.75
2025-07-21 10:00:36 AM,PM A3 Substation,10.129.7.18,16,1213,Imported Energy CH3 (MSW),1368537.625
2025-07-21 10:00:36 AM,PM C2P Substation,10.129.7.25,5,1213,Imported Energy CH3 (MSW),77895.1015625
2025-07-21 10:00:36 AM,PM C1A Substation,10.129.7.23,11,1213,Imported Energy CH3 (MSW),1550435.25
2025-07-21 10:00:36 AM,PM Autoclave 3,10.129.7.7,17,1213,Imported Energy CH3 (MSW),34737.22265625
2025-07-21 10:00:37 AM,PM Autoclave 2,10.129.7.8,7,1213,Imported Energy CH3 (MSW),7323.45751953125
2025-07-21 10:00:37 AM,PM Autoclave 4,10.129.7.9,18,1213,Imported Energy CH3 (MSW),41046.29296875
2025-07-21 10:00:37 AM,PM Autoclave 1,10.129.7.6,19,1213,Imported Energy CH3 (MSW),89708.8515625
2025-07-21 10:01:40 AM,PM C1L1 Substation,10.129.7.21,3,1213,Imported Energy CH3 (MSW),29201.53125
2025-07-21 10:01:40 AM,PM C2L Substation,10.129.7.24,9,1213,Imported Energy CH3 (MSW),83494.328125
2025-07-21 10:01:40 AM,PM C1L2 Substation,10.129.7.22,4,1213,Imported Energy CH3 (MSW),112945.7890625
2025-07-21 10:01:40 AM,PM Autoclave 8,10.129.7.13,8,1213,Imported Energy CH3 (MSW),61148.671875
2025-07-21 10:01:40 AM,PM B2 Substation,10.129.7.19,12,1213,Imported Energy CH3 (MSW),316568.78125
2025-07-21 10:01:40 AM,PM C1A Substation,10.129.7.23,11,1213,Imported Energy CH3 (MSW),1550439.125
2025-07-21 10:01:40 AM,PM A3 Substation,10.129.7.18,16,1213,Imported Energy CH3 (MSW),1368538.5
2025-07-21 10:01:40 AM,PM Autoclave 3,10.129.7.7,17,1213,Imported Energy CH3 (MSW),34737.22265625
2025-07-21 10:01:40 AM,PM Drop Bottom,10.129.7.16,15,1213,Imported Energy CH3 (MSW),295930.0625
2025-07-21 10:01:40 AM,PM Autoclave 1,10.129.7.6,19,1213,Imported Energy CH3 (MSW),89708.8515625
2025-07-21 10:01:40 AM,PM Autoclave 10,10.129.7.15,20,1213,Imported Energy CH3 (MSW),373756.71875
2025-07-21 10:01:40 AM,PM A1 Substation,10.129.7.17,14,1213,Imported Energy CH3 (MSW),2934359.75
2025-07-21 10:01:40 AM,PM Autoclave 6,10.129.7.11,22,1213,Imported Energy CH3 (MSW),17897.7578125
2025-07-21 10:01:40 AM,PM Autoclave 4,10.129.7.9,18,1213,Imported Energy CH3 (MSW),41046.29296875
2025-07-21 10:01:40 AM,PM C2P Substation,10.129.7.25,5,1213,Imported Energy CH3 (MSW),77895.2109375
2025-07-21 10:01:40 AM,PM Autoclave 5,10.129.7.10,6,1213,Imported Energy CH3 (MSW),195712.15625
2025-07-21 10:01:40 AM,PM Autoclave 2,10.129.7.8,7,1213,Imported Energy CH3 (MSW),7323.45751953125
2025-07-21 10:01:40 AM,PM Autoclave 9,10.129.7.14,23,1213,Imported Energy CH3 (MSW),287057.65625
2025-07-21 10:01:40 AM,PM B3 Substation,10.129.7.20,13,1213,Imported Energy CH3 (MSW),935071.4375
2025-07-21 10:02:43 AM,PM C1L1 Substation,10.129.7.21,3,1213,Imported Energy CH3 (MSW),29201.55078125
2025-07-21 10:02:43 AM,PM C1L2 Substation,10.129.7.22,4,1213,Imported Energy CH3 (MSW),112945.9296875
2025-07-21 10:02:43 AM,PM Autoclave 8,10.129.7.13,8,1213,Imported Energy CH3 (MSW),61148.671875
2025-07-21 10:02:43 AM,PM Drop Bottom,10.129.7.16,15,1213,Imported Energy CH3 (MSW),295930.375
2025-07-21 10:02:43 AM,PM C2P Substation,10.129.7.25,5,1213,Imported Energy CH3 (MSW),77895.3359375
2025-07-21 10:02:43 AM,PM A3 Substation,10.129.7.18,16,1213,Imported Energy CH3 (MSW),1368539.375
2025-07-21 10:02:43 AM,PM C2L Substation,10.129.7.24,9,1213,Imported Energy CH3 (MSW),83494.4375
2025-07-21 10:02:43 AM,PM Autoclave 5,10.129.7.10,6,1213,Imported Energy CH3 (MSW),195712.25
2025-07-21 10:02:43 AM,PM Autoclave 2,10.129.7.8,7,1213,Imported Energy CH3 (MSW),7323.45751953125
2025-07-21 10:02:43 AM,PM C1A Substation,10.129.7.23,11,1213,Imported Energy CH3 (MSW),1550443.125
2025-07-21 10:02:43 AM,PM B2 Substation,10.129.7.19,12,1213,Imported Energy CH3 (MSW),316569.28125
2025-07-21 10:02:43 AM,PM A1 Substation,10.129.7.17,14,1213,Imported Energy CH3 (MSW),2934361.75
2025-07-21 10:02:43 AM,PM Autoclave 3,10.129.7.7,17,1213,Imported Energy CH3 (MSW),34737.22265625
2025-07-21 10:02:43 AM,PM B3 Substation,10.129.7.20,13,1213,Imported Energy CH3 (MSW),935072.1875
2025-07-21 10:02:43 AM,PM Autoclave 1,10.129.7.6,19,1213,Imported Energy CH3 (MSW),89708.8515625
2025-07-21 10:02:43 AM,PM Autoclave 10,10.129.7.15,20,1213,Imported Energy CH3 (MSW),373756.71875
2025-07-21 10:02:43 AM,PM Autoclave 6,10.129.7.11,22,1213,Imported Energy CH3 (MSW),17897.76171875
2025-07-21 10:02:43 AM,PM Autoclave 9,10.129.7.14,23,1213,Imported Energy CH3 (MSW),287057.65625
2025-07-21 10:02:43 AM,PM Autoclave 4,10.129.7.9,18,1213,Imported Energy CH3 (MSW),41046.29296875
2025-07-21 10:03:46 AM,PM C1L1 Substation,10.129.7.21,3,1213,Imported Energy CH3 (MSW),29201.572265625
2025-07-21 10:03:46 AM,PM B2 Substation,10.129.7.19,12,1213,Imported Energy CH3 (MSW),316569.75
2025-07-21 10:03:46 AM,PM Autoclave 9,10.129.7.14,23,1213,Imported Energy CH3 (MSW),287057.65625
2025-07-21 10:03:46 AM,PM Autoclave 2,10.129.7.8,7,1213,Imported Energy CH3 (MSW),7323.45751953125
2025-07-21 10:03:46 AM,PM Autoclave 1,10.129.7.6,19,1213,Imported Energy CH3 (MSW),89708.8515625
2025-07-21 10:03:46 AM,PM Autoclave 8,10.129.7.13,8,1213,Imported Energy CH3 (MSW),61148.671875
2025-07-21 10:03:46 AM,PM Autoclave 4,10.129.7.9,18,1213,Imported Energy CH3 (MSW),41046.29296875
2025-07-21 10:03:46 AM,PM Autoclave 6,10.129.7.11,22,1213,Imported Energy CH3 (MSW),17897.765625
2025-07-21 10:03:46 AM,PM A1 Substation,10.129.7.17,14,1213,Imported Energy CH3 (MSW),2934364.0
2025-07-21 10:03:46 AM,PM Autoclave 5,10.129.7.10,6,1213,Imported Energy CH3 (MSW),195712.34375
2025-07-21 10:03:46 AM,PM B3 Substation,10.129.7.20,13,1213,Imported Energy CH3 (MSW),935072.875
2025-07-21 10:03:46 AM,PM A3 Substation,10.129.7.18,16,1213,Imported Energy CH3 (MSW),1368540.25
2025-07-21 10:03:46 AM,PM C2P Substation,10.129.7.25,5,1213,Imported Energy CH3 (MSW),77895.4453125
2025-07-21 10:03:46 AM,PM C1A Substation,10.129.7.23,11,1213,Imported Energy CH3 (MSW),1550447.0
2025-07-21 10:03:46 AM,PM Drop Bottom,10.129.7.16,15,1213,Imported Energy CH3 (MSW),295930.65625
2025-07-21 10:03:46 AM,PM Autoclave 10,10.129.7.15,20,1213,Imported Energy CH3 (MSW),373756.71875
2025-07-21 10:03:46 AM,PM Autoclave 3,10.129.7.7,17,1213,Imported Energy CH3 (MSW),34737.22265625
2025-07-21 10:03:46 AM,PM C1L2 Substation,10.129.7.22,4,1213,Imported Energy CH3 (MSW),112946.0625
2025-07-21 10:03:46 AM,PM C2L Substation,10.129.7.24,9,1213,Imported Energy CH3 (MSW),83494.546875
2025-07-21 10:04:49 AM,PM Autoclave 2,10.129.7.8,7,1213,Imported Energy CH3 (MSW),7323.45751953125
2025-07-21 10:04:49 AM,PM C1L1 Substation,10.129.7.21,3,1213,Imported Energy CH3 (MSW),29201.59375
2025-07-21 10:04:49 AM,PM C2P Substation,10.129.7.25,5,1213,Imported Energy CH3 (MSW),77895.5625
2025-07-21 10:04:49 AM,PM C1L2 Substation,10.129.7.22,4,1213,Imported Energy CH3 (MSW),112946.203125
2025-07-21 10:04:49 AM,PM C1A Substation,10.129.7.23,11,1213,Imported Energy CH3 (MSW),1550450.75
2025-07-21 10:04:49 AM,PM Autoclave 5,10.129.7.10,6,1213,Imported Energy CH3 (MSW),195712.453125
2025-07-21 10:04:49 AM,PM Autoclave 8,10.129.7.13,8,1213,Imported Energy CH3 (MSW),61148.671875
2025-07-21 10:04:49 AM,PM A1 Substation,10.129.7.17,14,1213,Imported Energy CH3 (MSW),2934365.75
2025-07-21 10:04:49 AM,PM Autoclave 6,10.129.7.11,22,1213,Imported Energy CH3 (MSW),17897.76953125
2025-07-21 10:04:49 AM,PM B3 Substation,10.129.7.20,13,1213,Imported Energy CH3 (MSW),935073.625
2025-07-21 10:04:49 AM,PM Autoclave 1,10.129.7.6,19,1213,Imported Energy CH3 (MSW),89708.8515625
2025-07-21 10:04:49 AM,PM Autoclave 10,10.129.7.15,20,1213,Imported Energy CH3 (MSW),373756.71875
2025-07-21 10:04:49 AM,PM A3 Substation,10.129.7.18,16,1213,Imported Energy CH3 (MSW),1368541.0
2025-07-21 10:04:49 AM,PM B2 Substation,10.129.7.19,12,1213,Imported Energy CH3 (MSW),316570.25
2025-07-21 10:04:49 AM,PM Drop Bottom,10.129.7.16,15,1213,Imported Energy CH3 (MSW),295930.96875
2025-07-21 10:04:49 AM,PM Autoclave 9,10.129.7.14,23,1213,Imported Energy CH3 (MSW),287057.6875
2025-07-21 10:04:49 AM,PM Autoclave 4,10.129.7.9,18,1213,Imported Energy CH3 (MSW),41046.29296875
2025-07-21 10:04:49 AM,PM C2L Substation,10.129.7.24,9,1213,Imported Energy CH3 (MSW),83494.6640625
2025-07-21 10:06:30 AM,PM C1L1 Substation,10.129.7.21,3,1213,Imported Energy CH3 (MSW),29201.630859375
2025-07-21 10:06:30 AM,PM Autoclave 5,10.129.7.10,6,1213,Imported Energy CH3 (MSW),195712.625
2025-07-21 10:06:30 AM,PM C2P Substation,10.129.7.25,5,1213,Imported Energy CH3 (MSW),77895.75
2025-07-21 10:06:30 AM,PM Autoclave 1,10.129.7.6,19,1213,Imported Energy CH3 (MSW),89708.8515625
2025-07-21 10:06:30 AM,PM Drop Bottom,10.129.7.16,15,1213,Imported Energy CH3 (MSW),295931.3125
2025-07-21 10:06:30 AM,PM A1 Substation,10.129.7.17,14,1213,Imported Energy CH3 (MSW),2934369.0
2025-07-21 10:06:30 AM,PM Autoclave 9,10.129.7.14,23,1213,Imported Energy CH3 (MSW),287057.6875
2025-07-21 10:06:30 AM,PM C2L Substation,10.129.7.24,9,1213,Imported Energy CH3 (MSW),83494.8359375
2025-07-21 10:06:30 AM,PM B2 Substation,10.129.7.19,12,1213,Imported Energy CH3 (MSW),316571.0
2025-07-21 10:06:30 AM,PM A3 Substation,10.129.7.18,16,1213,Imported Energy CH3 (MSW),1368542.375
2025-07-21 10:06:30 AM,PM Autoclave 6,10.129.7.11,22,1213,Imported Energy CH3 (MSW),17897.77734375
2025-07-21 10:06:30 AM,PM B3 Substation,10.129.7.20,13,1213,Imported Energy CH3 (MSW),935074.75
2025-07-21 10:06:30 AM,PM Autoclave 10,10.129.7.15,20,1213,Imported Energy CH3 (MSW),373756.75
2025-07-21 10:06:30 AM,PM C1L2 Substation,10.129.7.22,4,1213,Imported Energy CH3 (MSW),112946.4140625
2025-07-21 10:06:30 AM,PM Autoclave 8,10.129.7.13,8,1213,Imported Energy CH3 (MSW),61148.671875
2025-07-21 10:06:30 AM,PM Autoclave 2,10.129.7.8,7,1213,Imported Energy CH3 (MSW),7323.45751953125
2025-07-21 10:06:30 AM,PM C1A Substation,10.129.7.23,11,1213,Imported Energy CH3 (MSW),1550456.25
2025-07-21 10:06:31 AM,PM Autoclave 4,10.129.7.9,18,1213,Imported Energy CH3 (MSW),41046.29296875
2025-07-21 10:08:12 AM,PM Autoclave 5,10.129.7.10,6,1213,Imported Energy CH3 (MSW),195712.796875
2025-07-21 10:08:12 AM,PM C1L1 Substation,10.129.7.21,3,1213,Imported Energy CH3 (MSW),29201.666015625
2025-07-21 10:08:12 AM,PM C2P Substation,10.129.7.25,5,1213,Imported Energy CH3 (MSW),77895.953125
2025-07-21 10:08:12 AM,PM C1L2 Substation,10.129.7.22,4,1213,Imported Energy CH3 (MSW),112946.640625
2025-07-21 10:08:12 AM,PM Autoclave 8,10.129.7.13,8,1213,Imported Energy CH3 (MSW),61148.671875
2025-07-21 10:08:12 AM,PM A1 Substation,10.129.7.17,14,1213,Imported Energy CH3 (MSW),2934372.25
2025-07-21 10:08:12 AM,PM B2 Substation,10.129.7.19,12,1213,Imported Energy CH3 (MSW),316571.78125
2025-07-21 10:08:12 AM,PM Autoclave 2,10.129.7.8,7,1213,Imported Energy CH3 (MSW),7323.45751953125
2025-07-21 10:08:12 AM,PM Autoclave 10,10.129.7.15,20,1213,Imported Energy CH3 (MSW),373756.75
2025-07-21 10:08:12 AM,PM Drop Bottom,10.129.7.16,15,1213,Imported Energy CH3 (MSW),295931.65625
2025-07-21 10:08:12 AM,PM C1A Substation,10.129.7.23,11,1213,Imported Energy CH3 (MSW),1550462.375
2025-07-21 10:08:12 AM,PM Autoclave 6,10.129.7.11,22,1213,Imported Energy CH3 (MSW),17897.78515625
2025-07-21 10:08:12 AM,PM A3 Substation,10.129.7.18,16,1213,Imported Energy CH3 (MSW),1368543.75
2025-07-21 10:08:12 AM,PM Autoclave 4,10.129.7.9,18,1213,Imported Energy CH3 (MSW),41046.29296875
2025-07-21 10:08:12 AM,PM C2L Substation,10.129.7.24,9,1213,Imported Energy CH3 (MSW),83495.0078125
2025-07-21 10:08:12 AM,PM B3 Substation,10.129.7.20,13,1213,Imported Energy CH3 (MSW),935075.875
2025-07-21 10:08:12 AM,PM Autoclave 1,10.129.7.6,19,1213,Imported Energy CH3 (MSW),89708.8515625
2025-07-21 10:08:12 AM,PM Autoclave 9,10.129.7.14,23,1213,Imported Energy CH3 (MSW),287057.6875
2025-07-21 10:09:53 AM,PM Autoclave 8,10.129.7.13,8,1213,Imported Energy CH3 (MSW),61148.671875
2025-07-21 10:09:53 AM,PM Autoclave 5,10.129.7.10,6,1213,Imported Energy CH3 (MSW),195712.984375
2025-07-21 10:09:53 AM,PM C1L2 Substation,10.129.7.22,4,1213,Imported Energy CH3 (MSW),112946.875
2025-07-21 10:09:53 AM,PM C2P Substation,10.129.7.25,5,1213,Imported Energy CH3 (MSW),77896.15625
2025-07-21 10:09:53 AM,PM A3 Substation,10.129.7.18,16,1213,Imported Energy CH3 (MSW),1368545.25
2025-07-21 10:09:53 AM,PM Autoclave 9,10.129.7.14,23,1213,Imported Energy CH3 (MSW),287057.6875
2025-07-21 10:09:53 AM,PM C2L Substation,10.129.7.24,9,1213,Imported Energy CH3 (MSW),83495.21875
2025-07-21 10:09:53 AM,PM Autoclave 1,10.129.7.6,19,1213,Imported Energy CH3 (MSW),89708.8515625
2025-07-21 10:09:53 AM,PM Autoclave 4,10.129.7.9,18,1213,Imported Energy CH3 (MSW),41046.29296875
2025-07-21 10:09:53 AM,PM Autoclave 10,10.129.7.15,20,1213,Imported Energy CH3 (MSW),373756.75
2025-07-21 10:09:53 AM,PM Drop Bottom,10.129.7.16,15,1213,Imported Energy CH3 (MSW),295932.0
2025-07-21 10:09:53 AM,PM A1 Substation,10.129.7.17,14,1213,Imported Energy CH3 (MSW),2934375.5
2025-07-21 10:09:53 AM,PM C1A Substation,10.129.7.23,11,1213,Imported Energy CH3 (MSW),1550468.5
2025-07-21 10:09:53 AM,PM C1L1 Substation,10.129.7.21,3,1213,Imported Energy CH3 (MSW),29201.703125
2025-07-21 10:09:53 AM,PM B2 Substation,10.129.7.19,12,1213,Imported Energy CH3 (MSW),316572.65625
2025-07-21 10:09:54 AM,PM Autoclave 2,10.129.7.8,7,1213,Imported Energy CH3 (MSW),7323.45751953125
2025-07-21 10:09:54 AM,PM B3 Substation,10.129.7.20,13,1213,Imported Energy CH3 (MSW),935077.0625
2025-07-21 10:09:54 AM,PM Autoclave 6,10.129.7.11,22,1213,Imported Energy CH3 (MSW),17897.791015625
2025-07-21 10:11:35 AM,PM C2P Substation,10.129.7.25,5,1213,Imported Energy CH3 (MSW),77896.3515625
2025-07-21 10:11:35 AM,PM Autoclave 2,10.129.7.8,7,1213,Imported Energy CH3 (MSW),7323.45751953125
2025-07-21 10:11:35 AM,PM C2L Substation,10.129.7.24,9,1213,Imported Energy CH3 (MSW),83495.4609375
2025-07-21 10:11:35 AM,PM C1L1 Substation,10.129.7.21,3,1213,Imported Energy CH3 (MSW),29201.73828125
2025-07-21 10:11:35 AM,PM C1L2 Substation,10.129.7.22,4,1213,Imported Energy CH3 (MSW),112947.1171875
2025-07-21 10:11:35 AM,PM Autoclave 8,10.129.7.13,8,1213,Imported Energy CH3 (MSW),61148.671875
2025-07-21 10:11:35 AM,PM A1 Substation,10.129.7.17,14,1213,Imported Energy CH3 (MSW),2934378.75
2025-07-21 10:11:35 AM,PM Autoclave 5,10.129.7.10,6,1213,Imported Energy CH3 (MSW),195713.15625
2025-07-21 10:11:35 AM,PM C1A Substation,10.129.7.23,11,1213,Imported Energy CH3 (MSW),1550474.0
2025-07-21 10:11:35 AM,PM Autoclave 6,10.129.7.11,22,1213,Imported Energy CH3 (MSW),17897.798828125
2025-07-21 10:11:35 AM,PM B2 Substation,10.129.7.19,12,1213,Imported Energy CH3 (MSW),316573.5
2025-07-21 10:11:35 AM,PM Autoclave 1,10.129.7.6,19,1213,Imported Energy CH3 (MSW),89708.8515625
2025-07-21 10:11:35 AM,PM B3 Substation,10.129.7.20,13,1213,Imported Energy CH3 (MSW),935078.1875
2025-07-21 10:11:35 AM,PM Drop Bottom,10.129.7.16,15,1213,Imported Energy CH3 (MSW),295932.4375
2025-07-21 10:11:35 AM,PM A3 Substation,10.129.7.18,16,1213,Imported Energy CH3 (MSW),1368546.625
2025-07-21 10:11:35 AM,PM Autoclave 10,10.129.7.15,20,1213,Imported Energy CH3 (MSW),373756.75
2025-07-21 10:11:35 AM,PM Autoclave 9,10.129.7.14,23,1213,Imported Energy CH3 (MSW),287057.6875
2025-07-21 10:11:35 AM,PM Autoclave 4,10.129.7.9,18,1213,Imported Energy CH3 (MSW),41046.29296875
2025-07-21 10:13:16 AM,PM B2 Substation,10.129.7.19,12,1213,Imported Energy CH3 (MSW),316574.34375
2025-07-21 10:13:16 AM,PM Autoclave 1,10.129.7.6,19,1213,Imported Energy CH3 (MSW),89708.8515625
2025-07-21 10:13:16 AM,PM C1L2 Substation,10.129.7.22,4,1213,Imported Energy CH3 (MSW),112947.34375
2025-07-21 10:13:16 AM,PM C2P Substation,10.129.7.25,5,1213,Imported Energy CH3 (MSW),77896.546875
2025-07-21 10:13:16 AM,PM A1 Substation,10.129.7.17,14,1213,Imported Energy CH3 (MSW),2934382.0
2025-07-21 10:13:16 AM,PM Autoclave 2,10.129.7.8,7,1213,Imported Energy CH3 (MSW),7323.45751953125
2025-07-21 10:13:16 AM,PM Autoclave 6,10.129.7.11,22,1213,Imported Energy CH3 (MSW),17897.8046875
2025-07-21 10:13:16 AM,PM Autoclave 5,10.129.7.10,6,1213,Imported Energy CH3 (MSW),195713.3125
2025-07-21 10:13:16 AM,PM Autoclave 4,10.129.7.9,18,1213,Imported Energy CH3 (MSW),41046.29296875
2025-07-21 10:13:16 AM,PM Drop Bottom,10.129.7.16,15,1213,Imported Energy CH3 (MSW),295932.90625
2025-07-21 10:13:16 AM,PM A3 Substation,10.129.7.18,16,1213,Imported Energy CH3 (MSW),1368548.0
2025-07-21 10:13:16 AM,PM Autoclave 10,10.129.7.15,20,1213,Imported Energy CH3 (MSW),373756.75
2025-07-21 10:13:16 AM,PM B3 Substation,10.129.7.20,13,1213,Imported Energy CH3 (MSW),935079.3125
2025-07-21 10:13:16 AM,PM Autoclave 8,10.129.7.13,8,1213,Imported Energy CH3 (MSW),61148.671875
2025-07-21 10:13:16 AM,PM C1L1 Substation,10.129.7.21,3,1213,Imported Energy CH3 (MSW),29201.7734375
2025-07-21 10:13:16 AM,PM Autoclave 9,10.129.7.14,23,1213,Imported Energy CH3 (MSW),287057.6875
2025-07-21 10:13:16 AM,PM C2L Substation,10.129.7.24,9,1213,Imported Energy CH3 (MSW),83495.6953125
2025-07-21 10:13:16 AM,PM C1A Substation,10.129.7.23,11,1213,Imported Energy CH3 (MSW),1550479.875
2025-07-21 10:14:58 AM,PM C1L2 Substation,10.129.7.22,4,1213,Imported Energy CH3 (MSW),112947.578125
2025-07-21 10:14:58 AM,PM Autoclave 2,10.129.7.8,7,1213,Imported Energy CH3 (MSW),7323.45751953125
2025-07-21 10:14:58 AM,PM Autoclave 5,10.129.7.10,6,1213,Imported Energy CH3 (MSW),195713.359375
2025-07-21 10:14:58 AM,PM C2P Substation,10.129.7.25,5,1213,Imported Energy CH3 (MSW),77896.7421875
2025-07-21 10:14:58 AM,PM C1A Substation,10.129.7.23,11,1213,Imported Energy CH3 (MSW),1550486.375
2025-07-21 10:14:58 AM,PM Autoclave 8,10.129.7.13,8,1213,Imported Energy CH3 (MSW),61148.671875
2025-07-21 10:14:58 AM,PM Drop Bottom,10.129.7.16,15,1213,Imported Energy CH3 (MSW),295933.40625
2025-07-21 10:14:58 AM,PM A1 Substation,10.129.7.17,14,1213,Imported Energy CH3 (MSW),2934385.25
2025-07-21 10:14:58 AM,PM B3 Substation,10.129.7.20,13,1213,Imported Energy CH3 (MSW),935080.4375
2025-07-21 10:14:58 AM,PM A3 Substation,10.129.7.18,16,1213,Imported Energy CH3 (MSW),1368549.5
2025-07-21 10:14:58 AM,PM Autoclave 9,10.129.7.14,23,1213,Imported Energy CH3 (MSW),287057.6875
2025-07-21 10:14:58 AM,PM C1L1 Substation,10.129.7.21,3,1213,Imported Energy CH3 (MSW),29201.80859375
2025-07-21 10:14:58 AM,PM Autoclave 6,10.129.7.11,22,1213,Imported Energy CH3 (MSW),17897.8125
2025-07-21 10:14:58 AM,PM Autoclave 4,10.129.7.9,18,1213,Imported Energy CH3 (MSW),41046.29296875
2025-07-21 10:14:58 AM,PM Autoclave 3,10.129.7.7,17,1213,Imported Energy CH3 (MSW),34737.22265625
2025-07-21 10:14:58 AM,PM Autoclave 10,10.129.7.15,20,1213,Imported Energy CH3 (MSW),373756.75
2025-07-21 10:14:58 AM,PM Autoclave 1,10.129.7.6,19,1213,Imported Energy CH3 (MSW),89708.8515625
2025-07-21 10:14:58 AM,PM B2 Substation,10.129.7.19,12,1213,Imported Energy CH3 (MSW),316575.1875
2025-07-21 10:14:58 AM,PM C2L Substation,10.129.7.24,9,1213,Imported Energy CH3 (MSW),83495.90625
2025-07-21 10:16:01 AM,PM C1L1 Substation,10.129.7.21,3,1213,Imported Energy CH3 (MSW),29201.830078125
2025-07-21 10:16:01 AM,PM C2P Substation,10.129.7.25,5,1213,Imported Energy CH3 (MSW),77896.8671875
2025-07-21 10:16:01 AM,PM Autoclave 5,10.129.7.10,6,1213,Imported Energy CH3 (MSW),195713.390625
2025-07-21 10:16:01 AM,PM C1L2 Substation,10.129.7.22,4,1213,Imported Energy CH3 (MSW),112947.71875
2025-07-21 10:16:01 AM,PM B2 Substation,10.129.7.19,12,1213,Imported Energy CH3 (MSW),316575.71875
2025-07-21 10:16:01 AM,PM Autoclave 2,10.129.7.8,7,1213,Imported Energy CH3 (MSW),7323.45751953125
2025-07-21 10:16:01 AM,PM A1 Substation,10.129.7.17,14,1213,Imported Energy CH3 (MSW),2934387.0
2025-07-21 10:16:01 AM,PM B3 Substation,10.129.7.20,13,1213,Imported Energy CH3 (MSW),935081.125
2025-07-21 10:16:01 AM,PM Autoclave 3,10.129.7.7,17,1213,Imported Energy CH3 (MSW),34737.22265625
2025-07-21 10:16:01 AM,PM Drop Bottom,10.129.7.16,15,1213,Imported Energy CH3 (MSW),295933.71875
2025-07-21 10:16:01 AM,PM A3 Substation,10.129.7.18,16,1213,Imported Energy CH3 (MSW),1368550.375
2025-07-21 10:16:01 AM,PM C1A Substation,10.129.7.23,11,1213,Imported Energy CH3 (MSW),1550490.25
2025-07-21 10:16:01 AM,PM Autoclave 8,10.129.7.13,8,1213,Imported Energy CH3 (MSW),61148.671875
2025-07-21 10:16:01 AM,PM Autoclave 1,10.129.7.6,19,1213,Imported Energy CH3 (MSW),89708.8515625
2025-07-21 10:16:01 AM,PM Autoclave 9,10.129.7.14,23,1213,Imported Energy CH3 (MSW),287057.6875
2025-07-21 10:16:01 AM,PM Autoclave 6,10.129.7.11,22,1213,Imported Energy CH3 (MSW),17897.81640625
2025-07-21 10:16:01 AM,PM Autoclave 4,10.129.7.9,18,1213,Imported Energy CH3 (MSW),41046.29296875
2025-07-21 10:16:01 AM,PM Autoclave 10,10.129.7.15,20,1213,Imported Energy CH3 (MSW),373756.75
2025-07-21 10:16:01 AM,PM C2L Substation,10.129.7.24,9,1213,Imported Energy CH3 (MSW),83496.03125
2025-07-21 10:17:04 AM,PM C1L1 Substation,10.129.7.21,3,1213,Imported Energy CH3 (MSW),29201.8515625
2025-07-21 10:17:04 AM,PM Autoclave 2,10.129.7.8,7,1213,Imported Energy CH3 (MSW),7323.45751953125
2025-07-21 10:17:04 AM,PM C2L Substation,10.129.7.24,9,1213,Imported Energy CH3 (MSW),83496.1640625
2025-07-21 10:17:04 AM,PM C1L2 Substation,10.129.7.22,4,1213,Imported Energy CH3 (MSW),112947.859375
2025-07-21 10:17:04 AM,PM C2P Substation,10.129.7.25,5,1213,Imported Energy CH3 (MSW),77896.984375
2025-07-21 10:17:04 AM,PM Autoclave 5,10.129.7.10,6,1213,Imported Energy CH3 (MSW),195713.421875
2025-07-21 10:17:04 AM,PM Autoclave 8,10.129.7.13,8,1213,Imported Energy CH3 (MSW),61148.671875
2025-07-21 10:17:05 AM,PM B2 Substation,10.129.7.19,12,1213,Imported Energy CH3 (MSW),316576.21875
2025-07-21 10:17:05 AM,PM C1A Substation,10.129.7.23,11,1213,Imported Energy CH3 (MSW),1550494.0
2025-07-21 10:17:05 AM,PM A3 Substation,10.129.7.18,16,1213,Imported Energy CH3 (MSW),1368551.25
2025-07-21 10:17:05 AM,PM Drop Bottom,10.129.7.16,15,1213,Imported Energy CH3 (MSW),295934.0
2025-07-21 10:17:05 AM,PM A1 Substation,10.129.7.17,14,1213,Imported Energy CH3 (MSW),2934389.0
2025-07-21 10:17:05 AM,PM Autoclave 6,10.129.7.11,22,1213,Imported Energy CH3 (MSW),17897.822265625
2025-07-21 10:17:05 AM,PM B3 Substation,10.129.7.20,13,1213,Imported Energy CH3 (MSW),935081.8125
2025-07-21 10:17:05 AM,PM Autoclave 1,10.129.7.6,19,1213,Imported Energy CH3 (MSW),89708.8515625
2025-07-21 10:17:05 AM,PM Autoclave 3,10.129.7.7,17,1213,Imported Energy CH3 (MSW),34737.22265625
2025-07-21 10:17:05 AM,PM Autoclave 4,10.129.7.9,18,1213,Imported Energy CH3 (MSW),41046.29296875
2025-07-21 10:17:05 AM,PM Autoclave 9,10.129.7.14,23,1213,Imported Energy CH3 (MSW),287057.6875
2025-07-21 10:17:05 AM,PM Autoclave 10,10.129.7.15,20,1213,Imported Energy CH3 (MSW),373756.78125
2025-07-21 10:18:08 AM,PM C1L1 Substation,10.129.7.21,3,1213,Imported Energy CH3 (MSW),29201.873046875
2025-07-21 10:18:08 AM,PM C2P Substation,10.129.7.25,5,1213,Imported Energy CH3 (MSW),77897.09375
2025-07-21 10:18:08 AM,PM C1L2 Substation,10.129.7.22,4,1213,Imported Energy CH3 (MSW),112948.0078125
2025-07-21 10:18:08 AM,PM B2 Substation,10.129.7.19,12,1213,Imported Energy CH3 (MSW),316576.71875
2025-07-21 10:18:08 AM,PM Drop Bottom,10.129.7.16,15,1213,Imported Energy CH3 (MSW),295934.28125
2025-07-21 10:18:08 AM,PM Autoclave 5,10.129.7.10,6,1213,Imported Energy CH3 (MSW),195713.453125
2025-07-21 10:18:08 AM,PM Autoclave 2,10.129.7.8,7,1213,Imported Energy CH3 (MSW),7323.45751953125
2025-07-21 10:18:08 AM,PM B3 Substation,10.129.7.20,13,1213,Imported Energy CH3 (MSW),935082.5
2025-07-21 10:18:08 AM,PM Autoclave 4,10.129.7.9,18,1213,Imported Energy CH3 (MSW),41046.29296875
2025-07-21 10:18:08 AM,PM A1 Substation,10.129.7.17,14,1213,Imported Energy CH3 (MSW),2934390.75
2025-07-21 10:18:08 AM,PM Autoclave 8,10.129.7.13,8,1213,Imported Energy CH3 (MSW),61148.671875
2025-07-21 10:18:08 AM,PM C1A Substation,10.129.7.23,11,1213,Imported Energy CH3 (MSW),1550497.5
2025-07-21 10:18:08 AM,PM Autoclave 10,10.129.7.15,20,1213,Imported Energy CH3 (MSW),373756.78125
2025-07-21 10:18:08 AM,PM Autoclave 1,10.129.7.6,19,1213,Imported Energy CH3 (MSW),89708.8515625
2025-07-21 10:18:08 AM,PM Autoclave 9,10.129.7.14,23,1213,Imported Energy CH3 (MSW),287057.6875
2025-07-21 10:18:08 AM,PM Autoclave 6,10.129.7.11,22,1213,Imported Energy CH3 (MSW),17897.826171875
2025-07-21 10:18:08 AM,PM C2L Substation,10.129.7.24,9,1213,Imported Energy CH3 (MSW),83496.28125
2025-07-21 10:18:08 AM,PM Autoclave 3,10.129.7.7,17,1213,Imported Energy CH3 (MSW),34737.22265625
2025-07-21 10:18:08 AM,PM A3 Substation,10.129.7.18,16,1213,Imported Energy CH3 (MSW),1368552.125
2025-07-21 10:19:11 AM,PM C1L1 Substation,10.129.7.21,3,1213,Imported Energy CH3 (MSW),29201.89453125
2025-07-21 10:19:11 AM,PM C1L2 Substation,10.129.7.22,4,1213,Imported Energy CH3 (MSW),112948.15625
2025-07-21 10:19:11 AM,PM Autoclave 2,10.129.7.8,7,1213,Imported Energy CH3 (MSW),7323.45751953125
2025-07-21 10:19:11 AM,PM C2P Substation,10.129.7.25,5,1213,Imported Energy CH3 (MSW),77897.203125
2025-07-21 10:19:11 AM,PM Autoclave 5,10.129.7.10,6,1213,Imported Energy CH3 (MSW),195713.46875
2025-07-21 10:19:11 AM,PM C1A Substation,10.129.7.23,11,1213,Imported Energy CH3 (MSW),1550500.75
2025-07-21 10:19:11 AM,PM Autoclave 8,10.129.7.13,8,1213,Imported Energy CH3 (MSW),61148.671875
2025-07-21 10:19:11 AM,PM C2L Substation,10.129.7.24,9,1213,Imported Energy CH3 (MSW),83496.3984375
2025-07-21 10:19:11 AM,PM Autoclave 3,10.129.7.7,17,1213,Imported Energy CH3 (MSW),34737.22265625
2025-07-21 10:19:11 AM,PM B2 Substation,10.129.7.19,12,1213,Imported Energy CH3 (MSW),316577.21875
2025-07-21 10:19:11 AM,PM A3 Substation,10.129.7.18,16,1213,Imported Energy CH3 (MSW),1368553.125
2025-07-21 10:19:11 AM,PM B3 Substation,10.129.7.20,13,1213,Imported Energy CH3 (MSW),935083.25
2025-07-21 10:19:11 AM,PM A1 Substation,10.129.7.17,14,1213,Imported Energy CH3 (MSW),2934392.75
2025-07-21 10:19:11 AM,PM Drop Bottom,10.129.7.16,15,1213,Imported Energy CH3 (MSW),295934.625
2025-07-21 10:19:11 AM,PM Autoclave 10,10.129.7.15,20,1213,Imported Energy CH3 (MSW),373756.78125
2025-07-21 10:19:11 AM,PM Autoclave 4,10.129.7.9,18,1213,Imported Energy CH3 (MSW),41046.29296875
2025-07-21 10:19:11 AM,PM Autoclave 9,10.129.7.14,23,1213,Imported Energy CH3 (MSW),287057.6875
2025-07-21 10:19:11 AM,PM Autoclave 6,10.129.7.11,22,1213,Imported Energy CH3 (MSW),17897.830078125
2025-07-21 10:19:33 AM,PM Autoclave 1,10.129.7.6,19,1213,Imported Energy CH3 (MSW),89708.8515625
2025-07-21 10:20:36 AM,PM C1L1 Substation,10.129.7.21,3,1213,Imported Energy CH3 (MSW),29201.92578125
2025-07-21 10:20:36 AM,PM C2P Substation,10.129.7.25,5,1213,Imported Energy CH3 (MSW),77897.3515625
2025-07-21 10:20:36 AM,PM Autoclave 5,10.129.7.10,6,1213,Imported Energy CH3 (MSW),195713.515625
2025-07-21 10:20:36 AM,PM C1A Substation,10.129.7.23,11,1213,Imported Energy CH3 (MSW),1550504.75
2025-07-21 10:20:36 AM,PM B3 Substation,10.129.7.20,13,1213,Imported Energy CH3 (MSW),935084.1875
2025-07-21 10:20:36 AM,PM B2 Substation,10.129.7.19,12,1213,Imported Energy CH3 (MSW),316577.90625
2025-07-21 10:20:36 AM,PM C2L Substation,10.129.7.24,9,1213,Imported Energy CH3 (MSW),83496.5703125
2025-07-21 10:20:36 AM,PM Autoclave 8,10.129.7.13,8,1213,Imported Energy CH3 (MSW),61148.671875
2025-07-21 10:20:36 AM,PM C1L2 Substation,10.129.7.22,4,1213,Imported Energy CH3 (MSW),112948.3515625
2025-07-21 10:20:36 AM,PM A3 Substation,10.129.7.18,16,1213,Imported Energy CH3 (MSW),1368554.25
2025-07-21 10:20:36 AM,PM A1 Substation,10.129.7.17,14,1213,Imported Energy CH3 (MSW),2934395.5
2025-07-21 10:20:36 AM,PM Drop Bottom,10.129.7.16,15,1213,Imported Energy CH3 (MSW),295935.0
2025-07-21 10:20:36 AM,PM Autoclave 6,10.129.7.11,22,1213,Imported Energy CH3 (MSW),17897.8359375
2025-07-21 10:20:36 AM,PM Autoclave 1,10.129.7.6,19,1213,Imported Energy CH3 (MSW),89708.8515625
2025-07-21 10:20:36 AM,PM Autoclave 3,10.129.7.7,17,1213,Imported Energy CH3 (MSW),34737.22265625
2025-07-21 10:20:36 AM,PM Autoclave 2,10.129.7.8,7,1213,Imported Energy CH3 (MSW),7323.45751953125
2025-07-21 10:20:36 AM,PM Autoclave 9,10.129.7.14,23,1213,Imported Energy CH3 (MSW),287057.6875
2025-07-21 10:20:36 AM,PM Autoclave 4,10.129.7.9,18,1213,Imported Energy CH3 (MSW),41046.29296875
2025-07-21 10:20:36 AM,PM Autoclave 10,10.129.7.15,20,1213,Imported Energy CH3 (MSW),373756.78125
2025-07-21 10:21:39 AM,PM C2P Substation,10.129.7.25,5,1213,Imported Energy CH3 (MSW),77897.46875
2025-07-21 10:21:39 AM,PM C2L Substation,10.129.7.24,9,1213,Imported Energy CH3 (MSW),83496.6953125
2025-07-21 10:21:39 AM,PM C1L1 Substation,10.129.7.21,3,1213,Imported Energy CH3 (MSW),29201.9453125
2025-07-21 10:21:39 AM,PM C1L2 Substation,10.129.7.22,4,1213,Imported Energy CH3 (MSW),112948.5
2025-07-21 10:21:39 AM,PM Autoclave 3,10.129.7.7,17,1213,Imported Energy CH3 (MSW),34737.22265625
2025-07-21 10:21:39 AM,PM Autoclave 4,10.129.7.9,18,1213,Imported Energy CH3 (MSW),41046.29296875
2025-07-21 10:21:39 AM,PM B2 Substation,10.129.7.19,12,1213,Imported Energy CH3 (MSW),316578.4375
2025-07-21 10:21:39 AM,PM Autoclave 10,10.129.7.15,20,1213,Imported Energy CH3 (MSW),373756.78125
2025-07-21 10:21:39 AM,PM A1 Substation,10.129.7.17,14,1213,Imported Energy CH3 (MSW),2934397.5
2025-07-21 10:21:39 AM,PM B3 Substation,10.129.7.20,13,1213,Imported Energy CH3 (MSW),935084.875
2025-07-21 10:21:39 AM,PM Autoclave 2,10.129.7.8,7,1213,Imported Energy CH3 (MSW),7323.45751953125
2025-07-21 10:21:39 AM,PM Autoclave 5,10.129.7.10,6,1213,Imported Energy CH3 (MSW),195713.546875
2025-07-21 10:21:39 AM,PM C1A Substation,10.129.7.23,11,1213,Imported Energy CH3 (MSW),1550508.0
2025-07-21 10:21:39 AM,PM Drop Bottom,10.129.7.16,15,1213,Imported Energy CH3 (MSW),295935.34375
2025-07-21 10:21:39 AM,PM Autoclave 1,10.129.7.6,19,1213,Imported Energy CH3 (MSW),89708.8515625
2025-07-21 10:21:39 AM,PM A3 Substation,10.129.7.18,16,1213,Imported Energy CH3 (MSW),1368555.125
2025-07-21 10:21:39 AM,PM Autoclave 9,10.129.7.14,23,1213,Imported Energy CH3 (MSW),287057.6875
2025-07-21 10:21:39 AM,PM Autoclave 8,10.129.7.13,8,1213,Imported Energy CH3 (MSW),61148.671875
2025-07-21 10:21:39 AM,PM Autoclave 6,10.129.7.11,22,1213,Imported Energy CH3 (MSW),17897.83984375
2025-07-21 10:22:42 AM,PM C2P Substation,10.129.7.25,5,1213,Imported Energy CH3 (MSW),77897.5859375
2025-07-21 10:22:42 AM,PM B3 Substation,10.129.7.20,13,1213,Imported Energy CH3 (MSW),935085.625
2025-07-21 10:22:42 AM,PM Autoclave 5,10.129.7.10,6,1213,Imported Energy CH3 (MSW),195713.578125
2025-07-21 10:22:42 AM,PM C2L Substation,10.129.7.24,9,1213,Imported Energy CH3 (MSW),83496.828125
2025-07-21 10:22:42 AM,PM Autoclave 8,10.129.7.13,8,1213,Imported Energy CH3 (MSW),61148.671875
2025-07-21 10:22:42 AM,PM C1A Substation,10.129.7.23,11,1213,Imported Energy CH3 (MSW),1550511.25
2025-07-21 10:22:42 AM,PM B2 Substation,10.129.7.19,12,1213,Imported Energy CH3 (MSW),316578.96875
2025-07-21 10:22:42 AM,PM Drop Bottom,10.129.7.16,15,1213,Imported Energy CH3 (MSW),295935.65625
2025-07-21 10:22:42 AM,PM Autoclave 3,10.129.7.7,17,1213,Imported Energy CH3 (MSW),34737.22265625
2025-07-21 10:22:42 AM,PM A1 Substation,10.129.7.17,14,1213,Imported Energy CH3 (MSW),2934399.5
2025-07-21 10:22:42 AM,PM A3 Substation,10.129.7.18,16,1213,Imported Energy CH3 (MSW),1368556.125
2025-07-21 10:22:42 AM,PM Autoclave 10,10.129.7.15,20,1213,Imported Energy CH3 (MSW),373756.78125
2025-07-21 10:22:42 AM,PM Autoclave 4,10.129.7.9,18,1213,Imported Energy CH3 (MSW),41046.29296875
2025-07-21 10:22:42 AM,PM Autoclave 1,10.129.7.6,19,1213,Imported Energy CH3 (MSW),89708.8515625
2025-07-21 10:22:42 AM,PM Autoclave 9,10.129.7.14,23,1213,Imported Energy CH3 (MSW),287057.6875
2025-07-21 10:22:42 AM,PM Autoclave 6,10.129.7.11,22,1213,Imported Energy CH3 (MSW),17897.84375
2025-07-21 10:22:42 AM,PM C1L2 Substation,10.129.7.22,4,1213,Imported Energy CH3 (MSW),112948.640625
2025-07-21 10:22:42 AM,PM Autoclave 2,10.129.7.8,7,1213,Imported Energy CH3 (MSW),7323.45751953125
2025-07-21 10:22:42 AM,PM C1L1 Substation,10.129.7.21,3,1213,Imported Energy CH3 (MSW),29201.966796875
2025-07-21 10:23:46 AM,PM C2P Substation,10.129.7.25,5,1213,Imported Energy CH3 (MSW),77897.703125
2025-07-21 10:23:46 AM,PM C1L2 Substation,10.129.7.22,4,1213,Imported Energy CH3 (MSW),112948.78125
2025-07-21 10:23:46 AM,PM Autoclave 5,10.129.7.10,6,1213,Imported Energy CH3 (MSW),195713.609375
2025-07-21 10:23:46 AM,PM C1L1 Substation,10.129.7.21,3,1213,Imported Energy CH3 (MSW),29201.98828125
2025-07-21 10:23:46 AM,PM C2L Substation,10.129.7.24,9,1213,Imported Energy CH3 (MSW),83496.9765625
2025-07-21 10:23:46 AM,PM Autoclave 2,10.129.7.8,7,1213,Imported Energy CH3 (MSW),7323.45751953125
2025-07-21 10:23:46 AM,PM B3 Substation,10.129.7.20,13,1213,Imported Energy CH3 (MSW),935086.3125
2025-07-21 10:23:46 AM,PM Autoclave 8,10.129.7.13,8,1213,Imported Energy CH3 (MSW),61148.671875
2025-07-21 10:23:46 AM,PM Drop Bottom,10.129.7.16,15,1213,Imported Energy CH3 (MSW),295935.96875
2025-07-21 10:23:46 AM,PM Autoclave 6,10.129.7.11,22,1213,Imported Energy CH3 (MSW),17897.849609375
2025-07-21 10:23:46 AM,PM A3 Substation,10.129.7.18,16,1213,Imported Energy CH3 (MSW),1368557.0
2025-07-21 10:23:46 AM,PM Autoclave 10,10.129.7.15,20,1213,Imported Energy CH3 (MSW),373756.78125
2025-07-21 10:23:46 AM,PM B2 Substation,10.129.7.19,12,1213,Imported Energy CH3 (MSW),316579.5
2025-07-21 10:23:46 AM,PM C1A Substation,10.129.7.23,11,1213,Imported Energy CH3 (MSW),1550514.5
2025-07-21 10:23:46 AM,PM Autoclave 9,10.129.7.14,23,1213,Imported Energy CH3 (MSW),287057.6875
2025-07-21 10:23:46 AM,PM A1 Substation,10.129.7.17,14,1213,Imported Energy CH3 (MSW),2934401.5
2025-07-21 10:23:46 AM,PM Autoclave 1,10.129.7.6,19,1213,Imported Energy CH3 (MSW),89708.8515625
2025-07-21 10:23:46 AM,PM Autoclave 3,10.129.7.7,17,1213,Imported Energy CH3 (MSW),34737.22265625
2025-07-21 10:23:46 AM,PM Autoclave 4,10.129.7.9,18,1213,Imported Energy CH3 (MSW),41046.29296875
2025-07-21 10:24:49 AM,PM C1L1 Substation,10.129.7.21,3,1213,Imported Energy CH3 (MSW),29202.009765625
2025-07-21 10:24:49 AM,PM C1L2 Substation,10.129.7.22,4,1213,Imported Energy CH3 (MSW),112948.921875
2025-07-21 10:24:49 AM,PM C2P Substation,10.129.7.25,5,1213,Imported Energy CH3 (MSW),77897.8125
2025-07-21 10:24:49 AM,PM B2 Substation,10.129.7.19,12,1213,Imported Energy CH3 (MSW),316580.0625
2025-07-21 10:24:49 AM,PM Autoclave 5,10.129.7.10,6,1213,Imported Energy CH3 (MSW),195713.640625
2025-07-21 10:24:49 AM,PM Drop Bottom,10.129.7.16,15,1213,Imported Energy CH3 (MSW),295936.25
2025-07-21 10:24:49 AM,PM A1 Substation,10.129.7.17,14,1213,Imported Energy CH3 (MSW),2934403.5
2025-07-21 10:24:49 AM,PM Autoclave 8,10.129.7.13,8,1213,Imported Energy CH3 (MSW),61148.671875
2025-07-21 10:24:49 AM,PM B3 Substation,10.129.7.20,13,1213,Imported Energy CH3 (MSW),935087.0
2025-07-21 10:24:49 AM,PM C2L Substation,10.129.7.24,9,1213,Imported Energy CH3 (MSW),83497.125
2025-07-21 10:24:49 AM,PM Autoclave 2,10.129.7.8,7,1213,Imported Energy CH3 (MSW),7323.45751953125
2025-07-21 10:24:49 AM,PM C1A Substation,10.129.7.23,11,1213,Imported Energy CH3 (MSW),1550518.0
2025-07-21 10:24:49 AM,PM A3 Substation,10.129.7.18,16,1213,Imported Energy CH3 (MSW),1368557.875
2025-07-21 10:24:49 AM,PM Autoclave 3,10.129.7.7,17,1213,Imported Energy CH3 (MSW),34737.22265625
2025-07-21 10:24:49 AM,PM Autoclave 10,10.129.7.15,20,1213,Imported Energy CH3 (MSW),373756.78125
2025-07-21 10:24:49 AM,PM Autoclave 1,10.129.7.6,19,1213,Imported Energy CH3 (MSW),89708.8515625
2025-07-21 10:24:49 AM,PM Autoclave 4,10.129.7.9,18,1213,Imported Energy CH3 (MSW),41046.29296875
2025-07-21 10:24:49 AM,PM Autoclave 9,10.129.7.14,23,1213,Imported Energy CH3 (MSW),287057.6875
2025-07-21 10:24:49 AM,PM Autoclave 6,10.129.7.11,22,1213,Imported Energy CH3 (MSW),17897.853515625
2025-07-21 10:25:52 AM,PM C2P Substation,10.129.7.25,5,1213,Imported Energy CH3 (MSW),77897.9296875
2025-07-21 10:25:52 AM,PM Autoclave 2,10.129.7.8,7,1213,Imported Energy CH3 (MSW),7323.45751953125
2025-07-21 10:25:52 AM,PM C1L2 Substation,10.129.7.22,4,1213,Imported Energy CH3 (MSW),112949.046875
2025-07-21 10:25:52 AM,PM Autoclave 5,10.129.7.10,6,1213,Imported Energy CH3 (MSW),195713.671875
2025-07-21 10:25:52 AM,PM C1L1 Substation,10.129.7.21,3,1213,Imported Energy CH3 (MSW),29202.029296875
2025-07-21 10:25:52 AM,PM Autoclave 8,10.129.7.13,8,1213,Imported Energy CH3 (MSW),61148.671875
2025-07-21 10:25:52 AM,PM C1A Substation,10.129.7.23,11,1213,Imported Energy CH3 (MSW),1550521.375
2025-07-21 10:25:52 AM,PM C2L Substation,10.129.7.24,9,1213,Imported Energy CH3 (MSW),83497.2578125
2025-07-21 10:25:52 AM,PM B2 Substation,10.129.7.19,12,1213,Imported Energy CH3 (MSW),316580.625
2025-07-21 10:25:52 AM,PM A3 Substation,10.129.7.18,16,1213,Imported Energy CH3 (MSW),1368558.75
2025-07-21 10:25:52 AM,PM A1 Substation,10.129.7.17,14,1213,Imported Energy CH3 (MSW),2934405.5
2025-07-21 10:25:52 AM,PM B3 Substation,10.129.7.20,13,1213,Imported Energy CH3 (MSW),935087.75
2025-07-21 10:25:52 AM,PM Drop Bottom,10.129.7.16,15,1213,Imported Energy CH3 (MSW),295936.46875
2025-07-21 10:25:52 AM,PM Autoclave 1,10.129.7.6,19,1213,Imported Energy CH3 (MSW),89708.8515625
2025-07-21 10:25:52 AM,PM Autoclave 3,10.129.7.7,17,1213,Imported Energy CH3 (MSW),34737.22265625
2025-07-21 10:25:52 AM,PM Autoclave 10,10.129.7.15,20,1213,Imported Energy CH3 (MSW),373756.8125
2025-07-21 10:25:52 AM,PM Autoclave 6,10.129.7.11,22,1213,Imported Energy CH3 (MSW),17897.857421875
2025-07-21 10:25:52 AM,PM Autoclave 9,10.129.7.14,23,1213,Imported Energy CH3 (MSW),287057.6875
2025-07-21 10:25:52 AM,PM Autoclave 4,10.129.7.9,18,1213,Imported Energy CH3 (MSW),41046.29296875
2025-07-21 10:26:56 AM,PM C1L1 Substation,10.129.7.21,3,1213,Imported Energy CH3 (MSW),29202.05078125
2025-07-21 10:26:56 AM,PM C1L2 Substation,10.129.7.22,4,1213,Imported Energy CH3 (MSW),112949.1796875
2025-07-21 10:26:56 AM,PM C2P Substation,10.129.7.25,5,1213,Imported Energy CH3 (MSW),77898.046875
2025-07-21 10:26:56 AM,PM C2L Substation,10.129.7.24,9,1213,Imported Energy CH3 (MSW),83497.3828125
2025-07-21 10:26:56 AM,PM Autoclave 8,10.129.7.13,8,1213,Imported Energy CH3 (MSW),61148.671875
2025-07-21 10:26:56 AM,PM Autoclave 5,10.129.7.10,6,1213,Imported Energy CH3 (MSW),195713.6875
2025-07-21 10:26:56 AM,PM Autoclave 2,10.129.7.8,7,1213,Imported Energy CH3 (MSW),7323.45751953125
2025-07-21 10:26:56 AM,PM B2 Substation,10.129.7.19,12,1213,Imported Energy CH3 (MSW),316581.15625
2025-07-21 10:26:56 AM,PM A1 Substation,10.129.7.17,14,1213,Imported Energy CH3 (MSW),2934407.5
2025-07-21 10:26:56 AM,PM B3 Substation,10.129.7.20,13,1213,Imported Energy CH3 (MSW),935088.4375
2025-07-21 10:26:56 AM,PM Drop Bottom,10.129.7.16,15,1213,Imported Energy CH3 (MSW),295936.78125
2025-07-21 10:26:56 AM,PM C1A Substation,10.129.7.23,11,1213,Imported Energy CH3 (MSW),1550524.375
2025-07-21 10:26:56 AM,PM A3 Substation,10.129.7.18,16,1213,Imported Energy CH3 (MSW),1368559.5
2025-07-21 10:26:56 AM,PM Autoclave 9,10.129.7.14,23,1213,Imported Energy CH3 (MSW),287057.6875
2025-07-21 10:26:56 AM,PM Autoclave 3,10.129.7.7,17,1213,Imported Energy CH3 (MSW),34737.22265625
2025-07-21 10:26:56 AM,PM Autoclave 1,10.129.7.6,19,1213,Imported Energy CH3 (MSW),89708.8515625
2025-07-21 10:26:56 AM,PM Autoclave 10,10.129.7.15,20,1213,Imported Energy CH3 (MSW),373756.8125
2025-07-21 10:26:56 AM,PM Autoclave 4,10.129.7.9,18,1213,Imported Energy CH3 (MSW),41046.29296875
2025-07-21 10:26:56 AM,PM Autoclave 6,10.129.7.11,22,1213,Imported Energy CH3 (MSW),17897.86328125
2025-07-21 10:27:59 AM,PM C2P Substation,10.129.7.25,5,1213,Imported Energy CH3 (MSW),77898.1640625
2025-07-21 10:27:59 AM,PM Autoclave 5,10.129.7.10,6,1213,Imported Energy CH3 (MSW),195713.71875
2025-07-21 10:27:59 AM,PM Autoclave 2,10.129.7.8,7,1213,Imported Energy CH3 (MSW),7323.45751953125
2025-07-21 10:27:59 AM,PM C1L2 Substation,10.129.7.22,4,1213,Imported Energy CH3 (MSW),112949.3203125
2025-07-21 10:27:59 AM,PM B3 Substation,10.129.7.20,13,1213,Imported Energy CH3 (MSW),935089.1875
2025-07-21 10:27:59 AM,PM C2L Substation,10.129.7.24,9,1213,Imported Energy CH3 (MSW),83497.5078125
2025-07-21 10:27:59 AM,PM A3 Substation,10.129.7.18,16,1213,Imported Energy CH3 (MSW),1368560.375
2025-07-21 10:27:59 AM,PM Autoclave 3,10.129.7.7,17,1213,Imported Energy CH3 (MSW),34737.22265625
2025-07-21 10:27:59 AM,PM A1 Substation,10.129.7.17,14,1213,Imported Energy CH3 (MSW),2934409.25
2025-07-21 10:27:59 AM,PM Autoclave 6,10.129.7.11,22,1213,Imported Energy CH3 (MSW),17897.8671875
2025-07-21 10:27:59 AM,PM Autoclave 1,10.129.7.6,19,1213,Imported Energy CH3 (MSW),89708.8515625
2025-07-21 10:28:00 AM,PM Autoclave 4,10.129.7.9,18,1213,Imported Energy CH3 (MSW),41046.29296875
2025-07-21 10:28:00 AM,PM Autoclave 9,10.129.7.14,23,1213,Imported Energy CH3 (MSW),287057.6875
2025-07-21 10:28:00 AM,PM B2 Substation,10.129.7.19,12,1213,Imported Energy CH3 (MSW),316581.75
2025-07-21 10:28:00 AM,PM Autoclave 10,10.129.7.15,20,1213,Imported Energy CH3 (MSW),373756.8125
2025-07-21 10:28:00 AM,PM Drop Bottom,10.129.7.16,15,1213,Imported Energy CH3 (MSW),295937.0
2025-07-21 10:28:00 AM,PM C1A Substation,10.129.7.23,11,1213,Imported Energy CH3 (MSW),1550528.125
2025-07-21 10:28:00 AM,PM C1L1 Substation,10.129.7.21,3,1213,Imported Energy CH3 (MSW),29202.0703125
2025-07-21 10:28:00 AM,PM Autoclave 8,10.129.7.13,8,1213,Imported Energy CH3 (MSW),61148.671875
2025-07-21 10:29:03 AM,PM C2P Substation,10.129.7.25,5,1213,Imported Energy CH3 (MSW),77898.28125
2025-07-21 10:29:03 AM,PM Autoclave 2,10.129.7.8,7,1213,Imported Energy CH3 (MSW),7323.45751953125
2025-07-21 10:29:03 AM,PM B2 Substation,10.129.7.19,12,1213,Imported Energy CH3 (MSW),316582.3125
2025-07-21 10:29:03 AM,PM C1A Substation,10.129.7.23,11,1213,Imported Energy CH3 (MSW),1550531.75
2025-07-21 10:29:03 AM,PM Autoclave 8,10.129.7.13,8,1213,Imported Energy CH3 (MSW),61148.671875
2025-07-21 10:29:03 AM,PM A1 Substation,10.129.7.17,14,1213,Imported Energy CH3 (MSW),2934411.0
2025-07-21 10:29:03 AM,PM B3 Substation,10.129.7.20,13,1213,Imported Energy CH3 (MSW),935089.875
2025-07-21 10:29:03 AM,PM Drop Bottom,10.129.7.16,15,1213,Imported Energy CH3 (MSW),295937.1875
2025-07-21 10:29:03 AM,PM A3 Substation,10.129.7.18,16,1213,Imported Energy CH3 (MSW),1368561.25
2025-07-21 10:29:03 AM,PM Autoclave 4,10.129.7.9,18,1213,Imported Energy CH3 (MSW),41046.29296875
2025-07-21 10:29:03 AM,PM C1L2 Substation,10.129.7.22,4,1213,Imported Energy CH3 (MSW),112949.46875
2025-07-21 10:29:03 AM,PM Autoclave 3,10.129.7.7,17,1213,Imported Energy CH3 (MSW),34737.22265625
2025-07-21 10:29:03 AM,PM Autoclave 5,10.129.7.10,6,1213,Imported Energy CH3 (MSW),195713.75
2025-07-21 10:29:03 AM,PM Autoclave 10,10.129.7.15,20,1213,Imported Energy CH3 (MSW),373756.8125
2025-07-21 10:29:03 AM,PM Autoclave 6,10.129.7.11,22,1213,Imported Energy CH3 (MSW),17897.87109375
2025-07-21 10:29:03 AM,PM C2L Substation,10.129.7.24,9,1213,Imported Energy CH3 (MSW),83497.625
2025-07-21 10:43:57 AM,PM Autoclave 8,10.129.7.13,8,1213,Imported Energy CH3 (MSW),61148.671875
2025-07-21 10:43:57 AM,PM Autoclave 10,10.129.7.15,20,1213,Imported Energy CH3 (MSW),373756.875
2025-07-21 10:43:57 AM,PM Autoclave 6,10.129.7.11,22,1213,Imported Energy CH3 (MSW),17897.935546875
2025-07-21 10:43:57 AM,PM C2L Substation,10.129.7.24,9,1213,Imported Energy CH3 (MSW),83499.4453125
2025-07-21 10:43:57 AM,PM Autoclave 4,10.129.7.9,18,1213,Imported Energy CH3 (MSW),41046.29296875
2025-07-21 10:43:57 AM,PM Autoclave 2,10.129.7.8,7,1213,Imported Energy CH3 (MSW),7323.45751953125
2025-07-21 10:45:33 AM,PM Autoclave 8,10.129.7.13,8,1213,Imported Energy CH3 (MSW),61148.671875
2025-07-21 10:45:33 AM,PM C2L Substation,10.129.7.24,9,1213,Imported Energy CH3 (MSW),83499.640625
2025-07-21 10:45:33 AM,PM Autoclave 6,10.129.7.11,22,1213,Imported Energy CH3 (MSW),17897.94140625
2025-07-21 10:45:33 AM,PM Autoclave 4,10.129.7.9,18,1213,Imported Energy CH3 (MSW),41046.29296875
2025-07-21 10:45:33 AM,PM Autoclave 10,10.129.7.15,20,1213,Imported Energy CH3 (MSW),373756.875
2025-07-21 10:45:33 AM,PM Autoclave 2,10.129.7.8,7,1213,Imported Energy CH3 (MSW),7323.45751953125
2025-07-21 10:47:14 AM,PM Autoclave 2,10.129.7.8,7,1213,Imported Energy CH3 (MSW),7323.45751953125
2025-07-21 10:47:14 AM,PM Autoclave 8,10.129.7.13,8,1213,Imported Energy CH3 (MSW),61148.671875
2025-07-21 10:47:14 AM,PM Autoclave 10,10.129.7.15,20,1213,Imported Energy CH3 (MSW),373756.875
2025-07-21 10:47:14 AM,PM C2L Substation,10.129.7.24,9,1213,Imported Energy CH3 (MSW),83499.8359375
2025-07-21 10:47:14 AM,PM Autoclave 4,10.129.7.9,18,1213,Imported Energy CH3 (MSW),41046.29296875
2025-07-21 10:47:14 AM,PM Autoclave 6,10.129.7.11,22,1213,Imported Energy CH3 (MSW),17897.94921875
2025-07-21 10:48:56 AM,PM Autoclave 2,10.129.7.8,7,1213,Imported Energy CH3 (MSW),7323.45751953125
2025-07-21 10:48:56 AM,PM Autoclave 4,10.129.7.9,18,1213,Imported Energy CH3 (MSW),41046.29296875
2025-07-21 10:48:56 AM,PM Autoclave 6,10.129.7.11,22,1213,Imported Energy CH3 (MSW),17897.95703125
2025-07-21 10:48:56 AM,PM Autoclave 8,10.129.7.13,8,1213,Imported Energy CH3 (MSW),61148.671875
2025-07-21 10:48:56 AM,PM Autoclave 10,10.129.7.15,20,1213,Imported Energy CH3 (MSW),373756.875
2025-07-21 10:48:56 AM,PM C2L Substation,10.129.7.24,9,1213,Imported Energy CH3 (MSW),83500.03125
2025-07-21 10:50:38 AM,PM Autoclave 2,10.129.7.8,7,1213,Imported Energy CH3 (MSW),7323.45751953125
2025-07-21 10:50:38 AM,PM Autoclave 4,10.129.7.9,18,1213,Imported Energy CH3 (MSW),41046.29296875
2025-07-21 10:50:38 AM,PM C2L Substation,10.129.7.24,9,1213,Imported Energy CH3 (MSW),83500.234375
2025-07-21 10:50:38 AM,PM Autoclave 10,10.129.7.15,20,1213,Imported Energy CH3 (MSW),373756.875
2025-07-21 10:50:38 AM,PM Autoclave 8,10.129.7.13,8,1213,Imported Energy CH3 (MSW),61148.671875
2025-07-21 10:50:38 AM,PM Autoclave 6,10.129.7.11,22,1213,Imported Energy CH3 (MSW),17897.962890625
2025-07-21 10:52:20 AM,PM C2L Substation,10.129.7.24,9,1213,Imported Energy CH3 (MSW),83500.4609375
2025-07-21 10:52:20 AM,PM Autoclave 2,10.129.7.8,7,1213,Imported Energy CH3 (MSW),7323.45751953125
2025-07-21 10:52:20 AM,PM Autoclave 8,10.129.7.13,8,1213,Imported Energy CH3 (MSW),61148.671875
2025-07-21 10:52:20 AM,PM Autoclave 6,10.129.7.11,22,1213,Imported Energy CH3 (MSW),17897.970703125
2025-07-21 10:52:20 AM,PM Autoclave 10,10.129.7.15,20,1213,Imported Energy CH3 (MSW),373756.90625
2025-07-21 10:52:20 AM,PM Autoclave 4,10.129.7.9,18,1213,Imported Energy CH3 (MSW),41046.29296875
2025-07-21 10:54:01 AM,PM Autoclave 8,10.129.7.13,8,1213,Imported Energy CH3 (MSW),61148.671875
2025-07-21 10:54:01 AM,PM Autoclave 2,10.129.7.8,7,1213,Imported Energy CH3 (MSW),7323.45751953125
2025-07-21 10:54:01 AM,PM Autoclave 6,10.129.7.11,22,1213,Imported Energy CH3 (MSW),17897.978515625
2025-07-21 10:54:01 AM,PM Autoclave 4,10.129.7.9,18,1213,Imported Energy CH3 (MSW),41046.29296875
2025-07-21 10:54:01 AM,PM C2L Substation,10.129.7.24,9,1213,Imported Energy CH3 (MSW),83500.6953125
2025-07-21 10:54:01 AM,PM Autoclave 10,10.129.7.15,20,1213,Imported Energy CH3 (MSW),373756.90625
2025-07-21 10:54:04 AM,PM C1L2 Substation,10.129.7.22,4,1213,Imported Energy CH3 (MSW),112952.96875
2025-07-21 10:54:04 AM,PM B3 Substation,10.129.7.20,13,1213,Imported Energy CH3 (MSW),935106.625
2025-07-21 10:54:04 AM,PM C2P Substation,10.129.7.25,5,1213,Imported Energy CH3 (MSW),77901.171875
2025-07-21 10:54:04 AM,PM B2 Substation,10.129.7.19,12,1213,Imported Energy CH3 (MSW),316594.5
2025-07-21 10:55:43 AM,PM C2P Substation,10.129.7.25,5,1213,Imported Energy CH3 (MSW),77901.3515625
2025-07-21 10:55:43 AM,PM Autoclave 2,10.129.7.8,7,1213,Imported Energy CH3 (MSW),7323.45751953125
2025-07-21 10:55:43 AM,PM B2 Substation,10.129.7.19,12,1213,Imported Energy CH3 (MSW),316595.28125
2025-07-21 10:55:43 AM,PM B3 Substation,10.129.7.20,13,1213,Imported Energy CH3 (MSW),935107.75
2025-07-21 10:55:43 AM,PM Autoclave 4,10.129.7.9,18,1213,Imported Energy CH3 (MSW),41046.29296875
2025-07-21 10:55:43 AM,PM C2L Substation,10.129.7.24,9,1213,Imported Energy CH3 (MSW),83500.9140625
2025-07-21 10:55:43 AM,PM Autoclave 8,10.129.7.13,8,1213,Imported Energy CH3 (MSW),61148.671875
2025-07-21 10:55:43 AM,PM C1L2 Substation,10.129.7.22,4,1213,Imported Energy CH3 (MSW),112953.21875
2025-07-21 10:55:43 AM,PM Autoclave 10,10.129.7.15,20,1213,Imported Energy CH3 (MSW),373756.90625
2025-07-21 10:55:43 AM,PM Autoclave 6,10.129.7.11,22,1213,Imported Energy CH3 (MSW),17897.986328125
2025-07-21 10:57:25 AM,PM C1L2 Substation,10.129.7.22,4,1213,Imported Energy CH3 (MSW),112953.4765625
2025-07-21 10:57:25 AM,PM C2P Substation,10.129.7.25,5,1213,Imported Energy CH3 (MSW),77901.5390625
2025-07-21 10:57:25 AM,PM Autoclave 8,10.129.7.13,8,1213,Imported Energy CH3 (MSW),61148.671875
2025-07-21 10:57:25 AM,PM Autoclave 2,10.129.7.8,7,1213,Imported Energy CH3 (MSW),7323.45751953125
2025-07-21 10:57:25 AM,PM Autoclave 10,10.129.7.15,20,1213,Imported Energy CH3 (MSW),373756.90625
2025-07-21 10:57:25 AM,PM Autoclave 4,10.129.7.9,18,1213,Imported Energy CH3 (MSW),41046.29296875
2025-07-21 10:57:25 AM,PM C2L Substation,10.129.7.24,9,1213,Imported Energy CH3 (MSW),83501.109375
2025-07-21 10:57:25 AM,PM Autoclave 6,10.129.7.11,22,1213,Imported Energy CH3 (MSW),17897.9921875
2025-07-21 10:57:25 AM,PM B3 Substation,10.129.7.20,13,1213,Imported Energy CH3 (MSW),935108.8125
2025-07-21 10:57:25 AM,PM B2 Substation,10.129.7.19,12,1213,Imported Energy CH3 (MSW),316596.09375
2025-07-21 10:59:06 AM,PM C1L2 Substation,10.129.7.22,4,1213,Imported Energy CH3 (MSW),112953.7265625
2025-07-21 10:59:06 AM,PM C2L Substation,10.129.7.24,9,1213,Imported Energy CH3 (MSW),83501.3046875
2025-07-21 10:59:06 AM,PM C2P Substation,10.129.7.25,5,1213,Imported Energy CH3 (MSW),77901.7265625
2025-07-21 10:59:06 AM,PM Autoclave 2,10.129.7.8,7,1213,Imported Energy CH3 (MSW),7323.45751953125
2025-07-21 10:59:06 AM,PM Autoclave 8,10.129.7.13,8,1213,Imported Energy CH3 (MSW),61148.671875
2025-07-21 10:59:06 AM,PM B2 Substation,10.129.7.19,12,1213,Imported Energy CH3 (MSW),316596.875
2025-07-21 10:59:06 AM,PM Autoclave 10,10.129.7.15,20,1213,Imported Energy CH3 (MSW),373756.90625
2025-07-21 10:59:06 AM,PM B3 Substation,10.129.7.20,13,1213,Imported Energy CH3 (MSW),935110.0
2025-07-21 10:59:06 AM,PM Autoclave 4,10.129.7.9,18,1213,Imported Energy CH3 (MSW),41046.29296875
2025-07-21 10:59:06 AM,PM Autoclave 6,10.129.7.11,22,1213,Imported Energy CH3 (MSW),17898.0
2025-07-21 11:00:48 AM,PM Autoclave 2,10.129.7.8,7,1213,Imported Energy CH3 (MSW),7323.45751953125
2025-07-21 11:00:48 AM,PM C2P Substation,10.129.7.25,5,1213,Imported Energy CH3 (MSW),77901.90625
2025-07-21 11:00:48 AM,PM Autoclave 8,10.129.7.13,8,1213,Imported Energy CH3 (MSW),61148.671875
2025-07-21 11:00:48 AM,PM Autoclave 10,10.129.7.15,20,1213,Imported Energy CH3 (MSW),373756.9375
2025-07-21 11:00:48 AM,PM Autoclave 6,10.129.7.11,22,1213,Imported Energy CH3 (MSW),17898.0078125
2025-07-21 11:00:48 AM,PM Autoclave 4,10.129.7.9,18,1213,Imported Energy CH3 (MSW),41046.29296875
2025-07-21 11:00:48 AM,PM C2L Substation,10.129.7.24,9,1213,Imported Energy CH3 (MSW),83501.5234375
2025-07-21 11:00:48 AM,PM C1L2 Substation,10.129.7.22,4,1213,Imported Energy CH3 (MSW),112953.96875
2025-07-21 11:00:48 AM,PM B3 Substation,10.129.7.20,13,1213,Imported Energy CH3 (MSW),935111.125
2025-07-21 11:00:48 AM,PM B2 Substation,10.129.7.19,12,1213,Imported Energy CH3 (MSW),316597.6875
2025-07-21 11:02:30 AM,PM Autoclave 2,10.129.7.8,7,1213,Imported Energy CH3 (MSW),7323.45751953125
2025-07-21 11:02:30 AM,PM C2P Substation,10.129.7.25,5,1213,Imported Energy CH3 (MSW),77902.109375
2025-07-21 11:02:30 AM,PM C1L2 Substation,10.129.7.22,4,1213,Imported Energy CH3 (MSW),112954.203125
2025-07-21 11:02:30 AM,PM B3 Substation,10.129.7.20,13,1213,Imported Energy CH3 (MSW),935112.25
2025-07-21 11:02:30 AM,PM B2 Substation,10.129.7.19,12,1213,Imported Energy CH3 (MSW),316598.46875
2025-07-21 11:02:30 AM,PM Autoclave 10,10.129.7.15,20,1213,Imported Energy CH3 (MSW),373756.9375
2025-07-21 11:02:30 AM,PM C2L Substation,10.129.7.24,9,1213,Imported Energy CH3 (MSW),83501.75
2025-07-21 11:02:30 AM,PM Autoclave 8,10.129.7.13,8,1213,Imported Energy CH3 (MSW),61148.671875
2025-07-21 11:02:30 AM,PM Autoclave 4,10.129.7.9,18,1213,Imported Energy CH3 (MSW),41046.29296875
2025-07-21 11:02:30 AM,PM Autoclave 6,10.129.7.11,22,1213,Imported Energy CH3 (MSW),17898.013671875
2025-07-21 11:04:12 AM,PM C1L2 Substation,10.129.7.22,4,1213,Imported Energy CH3 (MSW),112954.453125
2025-07-21 11:04:12 AM,PM C2P Substation,10.129.7.25,5,1213,Imported Energy CH3 (MSW),77902.3125
2025-07-21 11:04:12 AM,PM C1L1 Substation,10.129.7.21,3,1213,Imported Energy CH3 (MSW),29202.798828125
2025-07-21 11:04:12 AM,PM Autoclave 3,10.129.7.7,17,1213,Imported Energy CH3 (MSW),34737.22265625
2025-07-21 11:04:12 AM,PM Autoclave 1,10.129.7.6,19,1213,Imported Energy CH3 (MSW),89708.8515625
2025-07-21 11:04:12 AM,PM C2L Substation,10.129.7.24,9,1213,Imported Energy CH3 (MSW),83501.9609375
2025-07-21 11:04:12 AM,PM Autoclave 6,10.129.7.11,22,1213,Imported Energy CH3 (MSW),17898.021484375
2025-07-21 11:04:12 AM,PM A1 Substation,10.129.7.17,14,1213,Imported Energy CH3 (MSW),2934473.75
2025-07-21 11:04:12 AM,PM Autoclave 8,10.129.7.13,8,1213,Imported Energy CH3 (MSW),61148.671875
2025-07-21 11:04:12 AM,PM A3 Substation,10.129.7.18,16,1213,Imported Energy CH3 (MSW),1368590.125
2025-07-21 11:04:12 AM,PM C1A Substation,10.129.7.23,11,1213,Imported Energy CH3 (MSW),1550646.75
2025-07-21 11:04:12 AM,PM Drop Bottom,10.129.7.16,15,1213,Imported Energy CH3 (MSW),295946.90625
2025-07-21 11:04:12 AM,PM Autoclave 4,10.129.7.9,18,1213,Imported Energy CH3 (MSW),41046.29296875
2025-07-21 11:04:12 AM,PM Autoclave 5,10.129.7.10,6,1213,Imported Energy CH3 (MSW),195723.25
2025-07-21 11:04:12 AM,PM Autoclave 9,10.129.7.14,23,1213,Imported Energy CH3 (MSW),287057.6875
2025-07-21 11:04:12 AM,PM B2 Substation,10.129.7.19,12,1213,Imported Energy CH3 (MSW),316599.3125
2025-07-21 11:04:12 AM,PM Autoclave 2,10.129.7.8,7,1213,Imported Energy CH3 (MSW),7323.45751953125
2025-07-21 11:04:12 AM,PM Autoclave 10,10.129.7.15,20,1213,Imported Energy CH3 (MSW),373756.9375
2025-07-21 11:04:12 AM,PM B3 Substation,10.129.7.20,13,1213,Imported Energy CH3 (MSW),935113.375
2025-07-21 11:05:15 AM,PM C1L2 Substation,10.129.7.22,4,1213,Imported Energy CH3 (MSW),112954.6015625
2025-07-21 11:05:15 AM,PM A1 Substation,10.129.7.17,14,1213,Imported Energy CH3 (MSW),2934475.5
2025-07-21 11:05:15 AM,PM C2P Substation,10.129.7.25,5,1213,Imported Energy CH3 (MSW),77902.4375
2025-07-21 11:05:15 AM,PM B3 Substation,10.129.7.20,13,1213,Imported Energy CH3 (MSW),935114.0625
2025-07-21 11:05:15 AM,PM Autoclave 5,10.129.7.10,6,1213,Imported Energy CH3 (MSW),195723.84375
2025-07-21 11:05:15 AM,PM Autoclave 8,10.129.7.13,8,1213,Imported Energy CH3 (MSW),61148.671875
2025-07-21 11:05:15 AM,PM A3 Substation,10.129.7.18,16,1213,Imported Energy CH3 (MSW),1368591.0
2025-07-21 11:05:15 AM,PM Autoclave 1,10.129.7.6,19,1213,Imported Energy CH3 (MSW),89708.8515625
2025-07-21 11:05:15 AM,PM Drop Bottom,10.129.7.16,15,1213,Imported Energy CH3 (MSW),295947.21875
2025-07-21 11:05:15 AM,PM Autoclave 10,10.129.7.15,20,1213,Imported Energy CH3 (MSW),373756.9375
2025-07-21 11:05:15 AM,PM Autoclave 6,10.129.7.11,22,1213,Imported Energy CH3 (MSW),17898.025390625
2025-07-21 11:05:15 AM,PM Autoclave 9,10.129.7.14,23,1213,Imported Energy CH3 (MSW),287057.6875
2025-07-21 11:05:15 AM,PM C1A Substation,10.129.7.23,11,1213,Imported Energy CH3 (MSW),1550650.75
2025-07-21 11:05:15 AM,PM C1L1 Substation,10.129.7.21,3,1213,Imported Energy CH3 (MSW),29202.8203125
2025-07-21 11:05:15 AM,PM C2L Substation,10.129.7.24,9,1213,Imported Energy CH3 (MSW),83502.109375
2025-07-21 11:05:15 AM,PM Autoclave 4,10.129.7.9,18,1213,Imported Energy CH3 (MSW),41046.29296875
2025-07-21 11:05:15 AM,PM B2 Substation,10.129.7.19,12,1213,Imported Energy CH3 (MSW),316599.8125
2025-07-21 11:05:15 AM,PM Autoclave 2,10.129.7.8,7,1213,Imported Energy CH3 (MSW),7323.45751953125
2025-07-21 11:05:15 AM,PM Autoclave 3,10.129.7.7,17,1213,Imported Energy CH3 (MSW),34737.22265625
2025-07-21 11:06:18 AM,PM C1L1 Substation,10.129.7.21,3,1213,Imported Energy CH3 (MSW),29202.841796875
2025-07-21 11:06:18 AM,PM C1L2 Substation,10.129.7.22,4,1213,Imported Energy CH3 (MSW),112954.75
2025-07-21 11:06:18 AM,PM Autoclave 8,10.129.7.13,8,1213,Imported Energy CH3 (MSW),61148.671875
2025-07-21 11:06:18 AM,PM Autoclave 5,10.129.7.10,6,1213,Imported Energy CH3 (MSW),195724.390625
2025-07-21 11:06:18 AM,PM C2P Substation,10.129.7.25,5,1213,Imported Energy CH3 (MSW),77902.5625
2025-07-21 11:06:18 AM,PM Autoclave 2,10.129.7.8,7,1213,Imported Energy CH3 (MSW),7323.45751953125
2025-07-21 11:06:18 AM,PM C2L Substation,10.129.7.24,9,1213,Imported Energy CH3 (MSW),83502.2421875
2025-07-21 11:06:18 AM,PM A1 Substation,10.129.7.17,14,1213,Imported Energy CH3 (MSW),2934477.25
2025-07-21 11:06:18 AM,PM Autoclave 1,10.129.7.6,19,1213,Imported Energy CH3 (MSW),89708.8515625
2025-07-21 11:06:18 AM,PM C1A Substation,10.129.7.23,11,1213,Imported Energy CH3 (MSW),1550654.625
2025-07-21 11:06:18 AM,PM Autoclave 3,10.129.7.7,17,1213,Imported Energy CH3 (MSW),34737.22265625
2025-07-21 11:06:18 AM,PM B3 Substation,10.129.7.20,13,1213,Imported Energy CH3 (MSW),935114.8125
2025-07-21 11:06:18 AM,PM Autoclave 6,10.129.7.11,22,1213,Imported Energy CH3 (MSW),17898.03125
2025-07-21 11:06:18 AM,PM A3 Substation,10.129.7.18,16,1213,Imported Energy CH3 (MSW),1368591.75
2025-07-21 11:06:18 AM,PM Drop Bottom,10.129.7.16,15,1213,Imported Energy CH3 (MSW),295947.5625
2025-07-21 11:06:18 AM,PM Autoclave 4,10.129.7.9,18,1213,Imported Energy CH3 (MSW),41046.29296875
2025-07-21 11:06:18 AM,PM Autoclave 10,10.129.7.15,20,1213,Imported Energy CH3 (MSW),373756.96875
2025-07-21 11:06:18 AM,PM Autoclave 9,10.129.7.14,23,1213,Imported Energy CH3 (MSW),287057.6875
2025-07-21 11:06:18 AM,PM B2 Substation,10.129.7.19,12,1213,Imported Energy CH3 (MSW),316600.3125
2025-07-21 11:07:22 AM,PM C1L1 Substation,10.129.7.21,3,1213,Imported Energy CH3 (MSW),29202.86328125
2025-07-21 11:07:22 AM,PM A1 Substation,10.129.7.17,14,1213,Imported Energy CH3 (MSW),2934479.0
2025-07-21 11:07:22 AM,PM Autoclave 2,10.129.7.8,7,1213,Imported Energy CH3 (MSW),7323.45751953125
2025-07-21 11:07:22 AM,PM C2P Substation,10.129.7.25,5,1213,Imported Energy CH3 (MSW),77902.6875
2025-07-21 11:07:22 AM,PM Autoclave 5,10.129.7.10,6,1213,Imported Energy CH3 (MSW),195724.9375
2025-07-21 11:07:22 AM,PM Drop Bottom,10.129.7.16,15,1213,Imported Energy CH3 (MSW),295947.8125
2025-07-21 11:07:22 AM,PM C1L2 Substation,10.129.7.22,4,1213,Imported Energy CH3 (MSW),112954.8984375
2025-07-21 11:07:22 AM,PM B2 Substation,10.129.7.19,12,1213,Imported Energy CH3 (MSW),316600.8125
2025-07-21 11:07:22 AM,PM C2L Substation,10.129.7.24,9,1213,Imported Energy CH3 (MSW),83502.3671875
2025-07-21 11:07:22 AM,PM C1A Substation,10.129.7.23,11,1213,Imported Energy CH3 (MSW),1550657.625
2025-07-21 11:07:22 AM,PM Autoclave 8,10.129.7.13,8,1213,Imported Energy CH3 (MSW),61148.671875
2025-07-21 11:07:22 AM,PM Autoclave 1,10.129.7.6,19,1213,Imported Energy CH3 (MSW),89708.8515625
2025-07-21 11:07:22 AM,PM B3 Substation,10.129.7.20,13,1213,Imported Energy CH3 (MSW),935115.5625
2025-07-21 11:07:22 AM,PM Autoclave 4,10.129.7.9,18,1213,Imported Energy CH3 (MSW),41046.29296875
2025-07-21 11:07:22 AM,PM A3 Substation,10.129.7.18,16,1213,Imported Energy CH3 (MSW),1368592.75
2025-07-21 11:07:22 AM,PM Autoclave 3,10.129.7.7,17,1213,Imported Energy CH3 (MSW),34737.22265625
2025-07-21 11:07:22 AM,PM Autoclave 6,10.129.7.11,22,1213,Imported Energy CH3 (MSW),17898.03515625
2025-07-21 11:07:22 AM,PM Autoclave 10,10.129.7.15,20,1213,Imported Energy CH3 (MSW),373756.96875
2025-07-21 11:07:22 AM,PM Autoclave 9,10.129.7.14,23,1213,Imported Energy CH3 (MSW),287057.6875
2025-07-21 11:08:25 AM,PM C1L1 Substation,10.129.7.21,3,1213,Imported Energy CH3 (MSW),29202.8828125
2025-07-21 11:08:25 AM,PM A3 Substation,10.129.7.18,16,1213,Imported Energy CH3 (MSW),1368593.5
2025-07-21 11:08:25 AM,PM C1A Substation,10.129.7.23,11,1213,Imported Energy CH3 (MSW),1550661.0
2025-07-21 11:08:25 AM,PM C1L2 Substation,10.129.7.22,4,1213,Imported Energy CH3 (MSW),112955.0390625
2025-07-21 11:08:25 AM,PM C2L Substation,10.129.7.24,9,1213,Imported Energy CH3 (MSW),83502.46875
2025-07-21 11:08:25 AM,PM B2 Substation,10.129.7.19,12,1213,Imported Energy CH3 (MSW),316601.34375
2025-07-21 11:08:25 AM,PM Autoclave 5,10.129.7.10,6,1213,Imported Energy CH3 (MSW),195725.5
2025-07-21 11:08:25 AM,PM Autoclave 2,10.129.7.8,7,1213,Imported Energy CH3 (MSW),7323.45751953125
2025-07-21 11:08:25 AM,PM Drop Bottom,10.129.7.16,15,1213,Imported Energy CH3 (MSW),295948.125
2025-07-21 11:08:25 AM,PM Autoclave 3,10.129.7.7,17,1213,Imported Energy CH3 (MSW),34737.22265625
2025-07-21 11:08:25 AM,PM Autoclave 8,10.129.7.13,8,1213,Imported Energy CH3 (MSW),61148.671875
2025-07-21 11:08:25 AM,PM B3 Substation,10.129.7.20,13,1213,Imported Energy CH3 (MSW),935116.3125
2025-07-21 11:08:25 AM,PM A1 Substation,10.129.7.17,14,1213,Imported Energy CH3 (MSW),2934481.0
2025-07-21 11:08:25 AM,PM Autoclave 6,10.129.7.11,22,1213,Imported Energy CH3 (MSW),17898.0390625
2025-07-21 11:08:25 AM,PM Autoclave 9,10.129.7.14,23,1213,Imported Energy CH3 (MSW),287057.6875
2025-07-21 11:08:25 AM,PM Autoclave 1,10.129.7.6,19,1213,Imported Energy CH3 (MSW),89708.8515625
2025-07-21 11:08:25 AM,PM Autoclave 10,10.129.7.15,20,1213,Imported Energy CH3 (MSW),373756.96875
2025-07-21 11:08:25 AM,PM Autoclave 4,10.129.7.9,18,1213,Imported Energy CH3 (MSW),41046.29296875
2025-07-21 11:08:25 AM,PM C2P Substation,10.129.7.25,5,1213,Imported Energy CH3 (MSW),77902.8125
2025-07-21 11:09:28 AM,PM C1L1 Substation,10.129.7.21,3,1213,Imported Energy CH3 (MSW),29202.904296875
2025-07-21 11:09:28 AM,PM C2L Substation,10.129.7.24,9,1213,Imported Energy CH3 (MSW),83502.578125
2025-07-21 11:09:28 AM,PM Autoclave 2,10.129.7.8,7,1213,Imported Energy CH3 (MSW),7323.45751953125
2025-07-21 11:09:28 AM,PM Autoclave 8,10.129.7.13,8,1213,Imported Energy CH3 (MSW),61148.671875
2025-07-21 11:09:28 AM,PM Autoclave 5,10.129.7.10,6,1213,Imported Energy CH3 (MSW),195726.078125
2025-07-21 11:09:28 AM,PM C1A Substation,10.129.7.23,11,1213,Imported Energy CH3 (MSW),1550664.5
2025-07-21 11:09:28 AM,PM C2P Substation,10.129.7.25,5,1213,Imported Energy CH3 (MSW),77902.9296875
2025-07-21 11:09:28 AM,PM Autoclave 10,10.129.7.15,20,1213,Imported Energy CH3 (MSW),373756.96875
2025-07-21 11:09:28 AM,PM A1 Substation,10.129.7.17,14,1213,Imported Energy CH3 (MSW),2934482.75
2025-07-21 11:09:28 AM,PM B3 Substation,10.129.7.20,13,1213,Imported Energy CH3 (MSW),935117.0
2025-07-21 11:09:28 AM,PM Drop Bottom,10.129.7.16,15,1213,Imported Energy CH3 (MSW),295948.46875
2025-07-21 11:09:28 AM,PM Autoclave 3,10.129.7.7,17,1213,Imported Energy CH3 (MSW),34737.22265625
2025-07-21 11:09:28 AM,PM A3 Substation,10.129.7.18,16,1213,Imported Energy CH3 (MSW),1368594.375
2025-07-21 11:09:28 AM,PM Autoclave 6,10.129.7.11,22,1213,Imported Energy CH3 (MSW),17898.04296875
2025-07-21 11:09:28 AM,PM Autoclave 9,10.129.7.14,23,1213,Imported Energy CH3 (MSW),287057.6875
2025-07-21 11:09:28 AM,PM Autoclave 4,10.129.7.9,18,1213,Imported Energy CH3 (MSW),41046.29296875
2025-07-21 11:09:28 AM,PM B2 Substation,10.129.7.19,12,1213,Imported Energy CH3 (MSW),316601.84375
2025-07-21 11:09:28 AM,PM C1L2 Substation,10.129.7.22,4,1213,Imported Energy CH3 (MSW),112955.1796875
2025-07-21 11:09:34 AM,PM Autoclave 1,10.129.7.6,19,1213,Imported Energy CH3 (MSW),89708.8515625
2025-07-21 11:10:36 AM,PM Autoclave 8,10.129.7.13,8,1213,Imported Energy CH3 (MSW),61148.671875
2025-07-21 11:10:37 AM,PM C2L Substation,10.129.7.24,9,1213,Imported Energy CH3 (MSW),83502.6953125
2025-07-21 11:10:37 AM,PM C1L2 Substation,10.129.7.22,4,1213,Imported Energy CH3 (MSW),112955.328125
2025-07-21 11:10:37 AM,PM C2P Substation,10.129.7.25,5,1213,Imported Energy CH3 (MSW),77903.0625
2025-07-21 11:10:37 AM,PM Autoclave 5,10.129.7.10,6,1213,Imported Energy CH3 (MSW),195726.671875
2025-07-21 11:10:37 AM,PM Autoclave 3,10.129.7.7,17,1213,Imported Energy CH3 (MSW),34737.22265625
2025-07-21 11:10:37 AM,PM C1A Substation,10.129.7.23,11,1213,Imported Energy CH3 (MSW),1550668.875
2025-07-21 11:10:37 AM,PM B2 Substation,10.129.7.19,12,1213,Imported Energy CH3 (MSW),316602.40625
2025-07-21 11:10:37 AM,PM Drop Bottom,10.129.7.16,15,1213,Imported Energy CH3 (MSW),295948.78125
2025-07-21 11:10:37 AM,PM Autoclave 10,10.129.7.15,20,1213,Imported Energy CH3 (MSW),373756.96875
2025-07-21 11:10:37 AM,PM A1 Substation,10.129.7.17,14,1213,Imported Energy CH3 (MSW),2934484.75
2025-07-21 11:10:37 AM,PM A3 Substation,10.129.7.18,16,1213,Imported Energy CH3 (MSW),1368595.25
2025-07-21 11:10:37 AM,PM Autoclave 1,10.129.7.6,19,1213,Imported Energy CH3 (MSW),89708.8515625
2025-07-21 11:10:37 AM,PM Autoclave 6,10.129.7.11,22,1213,Imported Energy CH3 (MSW),17898.048828125
2025-07-21 11:10:37 AM,PM Autoclave 2,10.129.7.8,7,1213,Imported Energy CH3 (MSW),7323.45751953125
2025-07-21 11:10:37 AM,PM Autoclave 9,10.129.7.14,23,1213,Imported Energy CH3 (MSW),287057.6875
2025-07-21 11:10:37 AM,PM B3 Substation,10.129.7.20,13,1213,Imported Energy CH3 (MSW),935117.8125
2025-07-21 11:10:37 AM,PM C1L1 Substation,10.129.7.21,3,1213,Imported Energy CH3 (MSW),29202.927734375
2025-07-21 11:10:37 AM,PM Autoclave 4,10.129.7.9,18,1213,Imported Energy CH3 (MSW),41046.29296875
2025-07-21 11:11:40 AM,PM Autoclave 2,10.129.7.8,7,1213,Imported Energy CH3 (MSW),7323.45751953125
2025-07-21 11:11:40 AM,PM B3 Substation,10.129.7.20,13,1213,Imported Energy CH3 (MSW),935118.5
2025-07-21 11:11:40 AM,PM Drop Bottom,10.129.7.16,15,1213,Imported Energy CH3 (MSW),295949.09375
2025-07-21 11:11:40 AM,PM C2P Substation,10.129.7.25,5,1213,Imported Energy CH3 (MSW),77903.1796875
2025-07-21 11:11:40 AM,PM Autoclave 9,10.129.7.14,23,1213,Imported Energy CH3 (MSW),287057.6875
2025-07-21 11:11:40 AM,PM C1L1 Substation,10.129.7.21,3,1213,Imported Energy CH3 (MSW),29202.94921875
2025-07-21 11:11:40 AM,PM A1 Substation,10.129.7.17,14,1213,Imported Energy CH3 (MSW),2934486.5
2025-07-21 11:11:40 AM,PM Autoclave 10,10.129.7.15,20,1213,Imported Energy CH3 (MSW),373756.96875
2025-07-21 11:11:40 AM,PM Autoclave 1,10.129.7.6,19,1213,Imported Energy CH3 (MSW),89708.8515625
2025-07-21 11:11:40 AM,PM B2 Substation,10.129.7.19,12,1213,Imported Energy CH3 (MSW),316602.90625
2025-07-21 11:11:40 AM,PM C1L2 Substation,10.129.7.22,4,1213,Imported Energy CH3 (MSW),112955.46875
2025-07-21 11:11:40 AM,PM Autoclave 3,10.129.7.7,17,1213,Imported Energy CH3 (MSW),34737.22265625
2025-07-21 11:11:40 AM,PM Autoclave 6,10.129.7.11,22,1213,Imported Energy CH3 (MSW),17898.052734375
2025-07-21 11:11:40 AM,PM Autoclave 5,10.129.7.10,6,1213,Imported Energy CH3 (MSW),195727.234375
2025-07-21 11:11:40 AM,PM Autoclave 8,10.129.7.13,8,1213,Imported Energy CH3 (MSW),61148.671875
2025-07-21 11:11:40 AM,PM A3 Substation,10.129.7.18,16,1213,Imported Energy CH3 (MSW),1368596.0
2025-07-21 11:11:40 AM,PM C1A Substation,10.129.7.23,11,1213,Imported Energy CH3 (MSW),1550673.125
2025-07-21 11:11:40 AM,PM C2L Substation,10.129.7.24,9,1213,Imported Energy CH3 (MSW),83502.8046875
2025-07-21 11:11:40 AM,PM Autoclave 4,10.129.7.9,18,1213,Imported Energy CH3 (MSW),41046.29296875
2025-07-21 11:12:44 AM,PM C1L2 Substation,10.129.7.22,4,1213,Imported Energy CH3 (MSW),112955.609375
2025-07-21 11:12:44 AM,PM C1L1 Substation,10.129.7.21,3,1213,Imported Energy CH3 (MSW),29202.970703125
2025-07-21 11:12:44 AM,PM C2P Substation,10.129.7.25,5,1213,Imported Energy CH3 (MSW),77903.296875
2025-07-21 11:12:44 AM,PM Autoclave 5,10.129.7.10,6,1213,Imported Energy CH3 (MSW),195727.765625
2025-07-21 11:12:44 AM,PM Autoclave 8,10.129.7.13,8,1213,Imported Energy CH3 (MSW),61148.671875
2025-07-21 11:12:44 AM,PM A1 Substation,10.129.7.17,14,1213,Imported Energy CH3 (MSW),2934488.5
2025-07-21 11:12:44 AM,PM Drop Bottom,10.129.7.16,15,1213,Imported Energy CH3 (MSW),295949.375
2025-07-21 11:12:44 AM,PM Autoclave 2,10.129.7.8,7,1213,Imported Energy CH3 (MSW),7323.45751953125
2025-07-21 11:12:44 AM,PM C2L Substation,10.129.7.24,9,1213,Imported Energy CH3 (MSW),83502.9140625
2025-07-21 11:12:44 AM,PM C1A Substation,10.129.7.23,11,1213,Imported Energy CH3 (MSW),1550678.0
2025-07-21 11:12:44 AM,PM B3 Substation,10.129.7.20,13,1213,Imported Energy CH3 (MSW),935119.25
2025-07-21 11:12:44 AM,PM Autoclave 1,10.129.7.6,19,1213,Imported Energy CH3 (MSW),89708.8515625
2025-07-21 11:12:44 AM,PM Autoclave 3,10.129.7.7,17,1213,Imported Energy CH3 (MSW),34737.22265625
2025-07-21 11:12:44 AM,PM B2 Substation,10.129.7.19,12,1213,Imported Energy CH3 (MSW),316603.4375
2025-07-21 11:12:44 AM,PM Autoclave 9,10.129.7.14,23,1213,Imported Energy CH3 (MSW),287057.6875
2025-07-21 11:12:44 AM,PM Autoclave 10,10.129.7.15,20,1213,Imported Energy CH3 (MSW),373756.96875
2025-07-21 11:12:44 AM,PM Autoclave 6,10.129.7.11,22,1213,Imported Energy CH3 (MSW),17898.056640625
2025-07-21 11:12:44 AM,PM A3 Substation,10.129.7.18,16,1213,Imported Energy CH3 (MSW),1368596.875
2025-07-21 11:12:44 AM,PM Autoclave 4,10.129.7.9,18,1213,Imported Energy CH3 (MSW),41046.29296875
2025-07-21 11:13:47 AM,PM C1L2 Substation,10.129.7.22,4,1213,Imported Energy CH3 (MSW),112955.75
2025-07-21 11:13:47 AM,PM C2P Substation,10.129.7.25,5,1213,Imported Energy CH3 (MSW),77903.4140625
2025-07-21 11:13:47 AM,PM A1 Substation,10.129.7.17,14,1213,Imported Energy CH3 (MSW),2934490.25
2025-07-21 11:13:47 AM,PM Autoclave 5,10.129.7.10,6,1213,Imported Energy CH3 (MSW),195728.328125
2025-07-21 11:13:47 AM,PM C2L Substation,10.129.7.24,9,1213,Imported Energy CH3 (MSW),83503.015625
2025-07-21 11:13:47 AM,PM Autoclave 8,10.129.7.13,8,1213,Imported Energy CH3 (MSW),61148.671875
2025-07-21 11:13:47 AM,PM Drop Bottom,10.129.7.16,15,1213,Imported Energy CH3 (MSW),295949.6875
2025-07-21 11:13:47 AM,PM B3 Substation,10.129.7.20,13,1213,Imported Energy CH3 (MSW),935119.9375
2025-07-21 11:13:47 AM,PM B2 Substation,10.129.7.19,12,1213,Imported Energy CH3 (MSW),316603.9375
2025-07-21 11:13:47 AM,PM C1A Substation,10.129.7.23,11,1213,Imported Energy CH3 (MSW),1550683.25
2025-07-21 11:13:47 AM,PM A3 Substation,10.129.7.18,16,1213,Imported Energy CH3 (MSW),1368597.75
2025-07-21 11:13:47 AM,PM Autoclave 1,10.129.7.6,19,1213,Imported Energy CH3 (MSW),89708.8515625
2025-07-21 11:13:47 AM,PM Autoclave 3,10.129.7.7,17,1213,Imported Energy CH3 (MSW),34737.22265625
2025-07-21 11:13:47 AM,PM Autoclave 6,10.129.7.11,22,1213,Imported Energy CH3 (MSW),17898.060546875
2025-07-21 11:13:47 AM,PM Autoclave 9,10.129.7.14,23,1213,Imported Energy CH3 (MSW),287057.6875
2025-07-21 11:13:47 AM,PM Autoclave 4,10.129.7.9,18,1213,Imported Energy CH3 (MSW),41046.29296875
2025-07-21 11:13:47 AM,PM C1L1 Substation,10.129.7.21,3,1213,Imported Energy CH3 (MSW),29202.990234375
2025-07-21 11:13:47 AM,PM Autoclave 2,10.129.7.8,7,1213,Imported Energy CH3 (MSW),7323.45751953125
2025-07-21 11:13:48 AM,PM Autoclave 10,10.129.7.15,20,1213,Imported Energy CH3 (MSW),373757.0
2025-07-21 11:14:50 AM,PM C1L1 Substation,10.129.7.21,3,1213,Imported Energy CH3 (MSW),29203.01171875
2025-07-21 11:14:51 AM,PM C1L2 Substation,10.129.7.22,4,1213,Imported Energy CH3 (MSW),112955.8984375
2025-07-21 11:14:51 AM,PM C2P Substation,10.129.7.25,5,1213,Imported Energy CH3 (MSW),77903.53125
2025-07-21 11:14:51 AM,PM Autoclave 2,10.129.7.8,7,1213,Imported Energy CH3 (MSW),7323.45751953125
2025-07-21 11:14:51 AM,PM Autoclave 1,10.129.7.6,19,1213,Imported Energy CH3 (MSW),89708.8515625
2025-07-21 11:14:51 AM,PM B3 Substation,10.129.7.20,13,1213,Imported Energy CH3 (MSW),935120.6875
2025-07-21 11:14:51 AM,PM B2 Substation,10.129.7.19,12,1213,Imported Energy CH3 (MSW),316604.46875
2025-07-21 11:14:51 AM,PM Autoclave 6,10.129.7.11,22,1213,Imported Energy CH3 (MSW),17898.06640625
2025-07-21 11:14:51 AM,PM Autoclave 8,10.129.7.13,8,1213,Imported Energy CH3 (MSW),61148.671875
2025-07-21 11:14:51 AM,PM Autoclave 10,10.129.7.15,20,1213,Imported Energy CH3 (MSW),373757.0
2025-07-21 11:14:51 AM,PM Autoclave 9,10.129.7.14,23,1213,Imported Energy CH3 (MSW),287057.6875
2025-07-21 11:14:51 AM,PM A1 Substation,10.129.7.17,14,1213,Imported Energy CH3 (MSW),2934492.0
2025-07-21 11:14:51 AM,PM Drop Bottom,10.129.7.16,15,1213,Imported Energy CH3 (MSW),295949.96875
2025-07-21 11:14:51 AM,PM C1A Substation,10.129.7.23,11,1213,Imported Energy CH3 (MSW),1550688.5
2025-07-21 11:14:51 AM,PM Autoclave 5,10.129.7.10,6,1213,Imported Energy CH3 (MSW),195728.890625
2025-07-21 11:14:51 AM,PM A3 Substation,10.129.7.18,16,1213,Imported Energy CH3 (MSW),1368598.625
2025-07-21 11:14:51 AM,PM Autoclave 4,10.129.7.9,18,1213,Imported Energy CH3 (MSW),41046.29296875
2025-07-21 11:14:51 AM,PM Autoclave 3,10.129.7.7,17,1213,Imported Energy CH3 (MSW),34737.22265625
2025-07-21 11:14:51 AM,PM C2L Substation,10.129.7.24,9,1213,Imported Energy CH3 (MSW),83503.125
2025-07-21 11:15:54 AM,PM Autoclave 2,10.129.7.8,7,1213,Imported Energy CH3 (MSW),7323.45751953125
2025-07-21 11:15:54 AM,PM Autoclave 3,10.129.7.7,17,1213,Imported Energy CH3 (MSW),34737.22265625
2025-07-21 11:15:54 AM,PM A1 Substation,10.129.7.17,14,1213,Imported Energy CH3 (MSW),2934494.0
2025-07-21 11:15:54 AM,PM B3 Substation,10.129.7.20,13,1213,Imported Energy CH3 (MSW),935121.375
2025-07-21 11:15:54 AM,PM Drop Bottom,10.129.7.16,15,1213,Imported Energy CH3 (MSW),295950.28125
2025-07-21 11:15:54 AM,PM C2L Substation,10.129.7.24,9,1213,Imported Energy CH3 (MSW),83503.234375
2025-07-21 11:15:54 AM,PM C1L2 Substation,10.129.7.22,4,1213,Imported Energy CH3 (MSW),112956.046875
2025-07-21 11:15:54 AM,PM A3 Substation,10.129.7.18,16,1213,Imported Energy CH3 (MSW),1368599.625
2025-07-21 11:15:54 AM,PM C1L1 Substation,10.129.7.21,3,1213,Imported Energy CH3 (MSW),29203.033203125
2025-07-21 11:15:54 AM,PM Autoclave 6,10.129.7.11,22,1213,Imported Energy CH3 (MSW),17898.0703125
2025-07-21 11:15:54 AM,PM C2P Substation,10.129.7.25,5,1213,Imported Energy CH3 (MSW),77903.6484375
2025-07-21 11:15:54 AM,PM B2 Substation,10.129.7.19,12,1213,Imported Energy CH3 (MSW),316604.9375
2025-07-21 11:15:54 AM,PM Autoclave 8,10.129.7.13,8,1213,Imported Energy CH3 (MSW),61148.671875
2025-07-21 11:15:54 AM,PM C1A Substation,10.129.7.23,11,1213,Imported Energy CH3 (MSW),1550693.875
2025-07-21 11:15:54 AM,PM Autoclave 5,10.129.7.10,6,1213,Imported Energy CH3 (MSW),195729.421875
2025-07-21 11:15:54 AM,PM Autoclave 1,10.129.7.6,19,1213,Imported Energy CH3 (MSW),89708.8515625
2025-07-21 11:15:54 AM,PM Autoclave 4,10.129.7.9,18,1213,Imported Energy CH3 (MSW),41046.29296875
2025-07-21 11:15:54 AM,PM Autoclave 9,10.129.7.14,23,1213,Imported Energy CH3 (MSW),287057.6875
2025-07-21 11:15:54 AM,PM Autoclave 10,10.129.7.15,20,1213,Imported Energy CH3 (MSW),373757.0
2025-07-21 11:16:57 AM,PM C2P Substation,10.129.7.25,5,1213,Imported Energy CH3 (MSW),77903.765625
2025-07-21 11:16:57 AM,PM C1L1 Substation,10.129.7.21,3,1213,Imported Energy CH3 (MSW),29203.0546875
2025-07-21 11:16:57 AM,PM C1L2 Substation,10.129.7.22,4,1213,Imported Energy CH3 (MSW),112956.1953125
2025-07-21 11:16:57 AM,PM Autoclave 5,10.129.7.10,6,1213,Imported Energy CH3 (MSW),195729.953125
2025-07-21 11:16:57 AM,PM Autoclave 2,10.129.7.8,7,1213,Imported Energy CH3 (MSW),7323.45751953125
2025-07-21 11:16:57 AM,PM Drop Bottom,10.129.7.16,15,1213,Imported Energy CH3 (MSW),295950.5625
2025-07-21 11:16:57 AM,PM C2L Substation,10.129.7.24,9,1213,Imported Energy CH3 (MSW),83503.3515625
2025-07-21 11:16:57 AM,PM C1A Substation,10.129.7.23,11,1213,Imported Energy CH3 (MSW),1550698.0
2025-07-21 11:16:57 AM,PM A1 Substation,10.129.7.17,14,1213,Imported Energy CH3 (MSW),2934495.75
2025-07-21 11:16:57 AM,PM B2 Substation,10.129.7.19,12,1213,Imported Energy CH3 (MSW),316605.4375
2025-07-21 11:16:57 AM,PM B3 Substation,10.129.7.20,13,1213,Imported Energy CH3 (MSW),935122.125
2025-07-21 11:16:57 AM,PM Autoclave 8,10.129.7.13,8,1213,Imported Energy CH3 (MSW),61148.671875
2025-07-21 11:16:57 AM,PM Autoclave 3,10.129.7.7,17,1213,Imported Energy CH3 (MSW),34737.22265625
2025-07-21 11:16:57 AM,PM Autoclave 6,10.129.7.11,22,1213,Imported Energy CH3 (MSW),17898.07421875
2025-07-21 11:16:57 AM,PM Autoclave 9,10.129.7.14,23,1213,Imported Energy CH3 (MSW),287057.6875
2025-07-21 11:16:57 AM,PM A3 Substation,10.129.7.18,16,1213,Imported Energy CH3 (MSW),1368600.5
2025-07-21 11:16:57 AM,PM Autoclave 4,10.129.7.9,18,1213,Imported Energy CH3 (MSW),41046.29296875
2025-07-21 11:18:39 AM,PM C1L1 Substation,10.129.7.21,3,1213,Imported Energy CH3 (MSW),29203.087890625
2025-07-21 11:18:39 AM,PM C1L2 Substation,10.129.7.22,4,1213,Imported Energy CH3 (MSW),112956.421875
2025-07-21 11:18:39 AM,PM Autoclave 5,10.129.7.10,6,1213,Imported Energy CH3 (MSW),195730.765625
2025-07-21 11:18:39 AM,PM C2P Substation,10.129.7.25,5,1213,Imported Energy CH3 (MSW),77903.953125
2025-07-21 11:18:39 AM,PM Autoclave 2,10.129.7.8,7,1213,Imported Energy CH3 (MSW),7323.45751953125
2025-07-21 11:18:39 AM,PM Drop Bottom,10.129.7.16,15,1213,Imported Energy CH3 (MSW),295950.90625
2025-07-21 11:18:39 AM,PM C2L Substation,10.129.7.24,9,1213,Imported Energy CH3 (MSW),83503.5546875
2025-07-21 11:18:39 AM,PM B2 Substation,10.129.7.19,12,1213,Imported Energy CH3 (MSW),316606.21875
2025-07-21 11:18:39 AM,PM C1A Substation,10.129.7.23,11,1213,Imported Energy CH3 (MSW),1550704.125
2025-07-21 11:18:39 AM,PM Autoclave 6,10.129.7.11,22,1213,Imported Energy CH3 (MSW),17898.08203125
2025-07-21 11:18:39 AM,PM A1 Substation,10.129.7.17,14,1213,Imported Energy CH3 (MSW),2934498.75
2025-07-21 11:18:39 AM,PM B3 Substation,10.129.7.20,13,1213,Imported Energy CH3 (MSW),935123.25
2025-07-21 11:18:39 AM,PM Autoclave 4,10.129.7.9,18,1213,Imported Energy CH3 (MSW),41046.29296875
2025-07-21 11:18:39 AM,PM Autoclave 9,10.129.7.14,23,1213,Imported Energy CH3 (MSW),287057.6875
2025-07-21 11:18:39 AM,PM Autoclave 3,10.129.7.7,17,1213,Imported Energy CH3 (MSW),34737.22265625
2025-07-21 11:18:39 AM,PM Autoclave 8,10.129.7.13,8,1213,Imported Energy CH3 (MSW),61148.671875
2025-07-21 11:18:39 AM,PM A3 Substation,10.129.7.18,16,1213,Imported Energy CH3 (MSW),1368602.0
2025-07-21 11:20:20 AM,PM C1A Substation,10.129.7.23,11,1213,Imported Energy CH3 (MSW),1550710.875
2025-07-21 11:20:20 AM,PM B3 Substation,10.129.7.20,13,1213,Imported Energy CH3 (MSW),935124.375
2025-07-21 11:20:20 AM,PM C2L Substation,10.129.7.24,9,1213,Imported Energy CH3 (MSW),83503.7265625
2025-07-21 11:20:20 AM,PM Autoclave 2,10.129.7.8,7,1213,Imported Energy CH3 (MSW),7323.45751953125
2025-07-21 11:20:20 AM,PM Autoclave 8,10.129.7.13,8,1213,Imported Energy CH3 (MSW),61148.671875
2025-07-21 11:20:20 AM,PM Autoclave 9,10.129.7.14,23,1213,Imported Energy CH3 (MSW),287057.6875
2025-07-21 11:20:20 AM,PM A1 Substation,10.129.7.17,14,1213,Imported Energy CH3 (MSW),2934501.5
2025-07-21 11:20:20 AM,PM A3 Substation,10.129.7.18,16,1213,Imported Energy CH3 (MSW),1368603.375
2025-07-21 11:20:20 AM,PM Drop Bottom,10.129.7.16,15,1213,Imported Energy CH3 (MSW),295951.28125
2025-07-21 11:20:21 AM,PM C1L2 Substation,10.129.7.22,4,1213,Imported Energy CH3 (MSW),112956.65625
2025-07-21 11:20:21 AM,PM C2P Substation,10.129.7.25,5,1213,Imported Energy CH3 (MSW),77904.1484375
2025-07-21 11:20:21 AM,PM Autoclave 5,10.129.7.10,6,1213,Imported Energy CH3 (MSW),195731.609375
2025-07-21 11:20:21 AM,PM Autoclave 6,10.129.7.11,22,1213,Imported Energy CH3 (MSW),17898.087890625
2025-07-21 11:20:21 AM,PM C1L1 Substation,10.129.7.21,3,1213,Imported Energy CH3 (MSW),29203.12109375
2025-07-21 11:20:21 AM,PM Autoclave 4,10.129.7.9,18,1213,Imported Energy CH3 (MSW),41046.29296875
2025-07-21 11:20:21 AM,PM Autoclave 3,10.129.7.7,17,1213,Imported Energy CH3 (MSW),34737.22265625
2025-07-21 11:20:21 AM,PM B2 Substation,10.129.7.19,12,1213,Imported Energy CH3 (MSW),316607.03125
2025-07-21 11:22:02 AM,PM C1L1 Substation,10.129.7.21,3,1213,Imported Energy CH3 (MSW),29203.154296875
2025-07-21 11:22:02 AM,PM C1L2 Substation,10.129.7.22,4,1213,Imported Energy CH3 (MSW),112956.890625
2025-07-21 11:22:02 AM,PM C2L Substation,10.129.7.24,9,1213,Imported Energy CH3 (MSW),83503.875
2025-07-21 11:22:02 AM,PM A1 Substation,10.129.7.17,14,1213,Imported Energy CH3 (MSW),2934504.5
2025-07-21 11:22:02 AM,PM C1A Substation,10.129.7.23,11,1213,Imported Energy CH3 (MSW),1550717.875
2025-07-21 11:22:02 AM,PM Drop Bottom,10.129.7.16,15,1213,Imported Energy CH3 (MSW),295951.65625
2025-07-21 11:22:02 AM,PM B2 Substation,10.129.7.19,12,1213,Imported Energy CH3 (MSW),316607.8125
2025-07-21 11:22:02 AM,PM Autoclave 5,10.129.7.10,6,1213,Imported Energy CH3 (MSW),195732.453125
2025-07-21 11:22:02 AM,PM Autoclave 2,10.129.7.8,7,1213,Imported Energy CH3 (MSW),7323.45751953125
2025-07-21 11:22:02 AM,PM Autoclave 8,10.129.7.13,8,1213,Imported Energy CH3 (MSW),61148.671875
2025-07-21 11:22:02 AM,PM C2P Substation,10.129.7.25,5,1213,Imported Energy CH3 (MSW),77904.34375
2025-07-21 11:22:02 AM,PM B3 Substation,10.129.7.20,13,1213,Imported Energy CH3 (MSW),935125.5
2025-07-21 11:22:02 AM,PM Autoclave 6,10.129.7.11,22,1213,Imported Energy CH3 (MSW),17898.095703125
2025-07-21 11:22:02 AM,PM Autoclave 4,10.129.7.9,18,1213,Imported Energy CH3 (MSW),41046.29296875
2025-07-21 11:22:02 AM,PM A3 Substation,10.129.7.18,16,1213,Imported Energy CH3 (MSW),1368604.875
2025-07-21 11:22:02 AM,PM Autoclave 9,10.129.7.14,23,1213,Imported Energy CH3 (MSW),287057.6875
2025-07-21 11:23:44 AM,PM C1L1 Substation,10.129.7.21,3,1213,Imported Energy CH3 (MSW),29203.189453125
2025-07-21 11:23:44 AM,PM Autoclave 5,10.129.7.10,6,1213,Imported Energy CH3 (MSW),195733.265625
2025-07-21 11:23:44 AM,PM C1L2 Substation,10.129.7.22,4,1213,Imported Energy CH3 (MSW),112957.125
2025-07-21 11:23:44 AM,PM Autoclave 2,10.129.7.8,7,1213,Imported Energy CH3 (MSW),7323.45751953125
2025-07-21 11:23:44 AM,PM C2P Substation,10.129.7.25,5,1213,Imported Energy CH3 (MSW),77904.5390625
2025-07-21 11:23:44 AM,PM A3 Substation,10.129.7.18,16,1213,Imported Energy CH3 (MSW),1368606.375
2025-07-21 11:23:44 AM,PM B2 Substation,10.129.7.19,12,1213,Imported Energy CH3 (MSW),316608.65625
2025-07-21 11:23:44 AM,PM C2L Substation,10.129.7.24,9,1213,Imported Energy CH3 (MSW),83504.03125
2025-07-21 11:23:44 AM,PM Autoclave 9,10.129.7.14,23,1213,Imported Energy CH3 (MSW),287057.6875
2025-07-21 11:23:44 AM,PM B3 Substation,10.129.7.20,13,1213,Imported Energy CH3 (MSW),935126.625
2025-07-21 11:23:44 AM,PM Drop Bottom,10.129.7.16,15,1213,Imported Energy CH3 (MSW),295952.125
2025-07-21 11:23:44 AM,PM Autoclave 6,10.129.7.11,22,1213,Imported Energy CH3 (MSW),17898.1015625
2025-07-21 11:23:44 AM,PM C1A Substation,10.129.7.23,11,1213,Imported Energy CH3 (MSW),1550725.625
2025-07-21 11:23:44 AM,PM Autoclave 4,10.129.7.9,18,1213,Imported Energy CH3 (MSW),41046.29296875
2025-07-21 11:23:44 AM,PM A1 Substation,10.129.7.17,14,1213,Imported Energy CH3 (MSW),2934507.5
2025-07-21 11:23:44 AM,PM Autoclave 8,10.129.7.13,8,1213,Imported Energy CH3 (MSW),61148.671875
2025-07-21 11:25:25 AM,PM C1L2 Substation,10.129.7.22,4,1213,Imported Energy CH3 (MSW),112957.3671875
2025-07-21 11:25:25 AM,PM Autoclave 2,10.129.7.8,7,1213,Imported Energy CH3 (MSW),7323.45751953125
2025-07-21 11:25:25 AM,PM C1L1 Substation,10.129.7.21,3,1213,Imported Energy CH3 (MSW),29203.22265625
2025-07-21 11:25:25 AM,PM Autoclave 6,10.129.7.11,22,1213,Imported Energy CH3 (MSW),17898.109375
2025-07-21 11:25:25 AM,PM C2L Substation,10.129.7.24,9,1213,Imported Energy CH3 (MSW),83504.1953125
2025-07-21 11:25:25 AM,PM B2 Substation,10.129.7.19,12,1213,Imported Energy CH3 (MSW),316609.46875
2025-07-21 11:25:25 AM,PM Autoclave 8,10.129.7.13,8,1213,Imported Energy CH3 (MSW),61148.671875
2025-07-21 11:25:25 AM,PM Autoclave 9,10.129.7.14,23,1213,Imported Energy CH3 (MSW),287057.6875
2025-07-21 11:25:25 AM,PM C2P Substation,10.129.7.25,5,1213,Imported Energy CH3 (MSW),77904.734375
2025-07-21 11:25:25 AM,PM A1 Substation,10.129.7.17,14,1213,Imported Energy CH3 (MSW),2934510.5
2025-07-21 11:25:25 AM,PM Autoclave 4,10.129.7.9,18,1213,Imported Energy CH3 (MSW),41046.29296875
2025-07-21 11:25:25 AM,PM C1A Substation,10.129.7.23,11,1213,Imported Energy CH3 (MSW),1550734.625
2025-07-21 11:25:26 AM,PM Autoclave 5,10.129.7.10,6,1213,Imported Energy CH3 (MSW),195734.078125
2025-07-21 11:25:26 AM,PM B3 Substation,10.129.7.20,13,1213,Imported Energy CH3 (MSW),935127.8125
2025-07-21 11:25:26 AM,PM A3 Substation,10.129.7.18,16,1213,Imported Energy CH3 (MSW),1368607.875
2025-07-21 11:25:26 AM,PM Drop Bottom,10.129.7.16,15,1213,Imported Energy CH3 (MSW),295952.625
2025-07-21 11:27:07 AM,PM C1L1 Substation,10.129.7.21,3,1213,Imported Energy CH3 (MSW),29203.255859375
2025-07-21 11:27:07 AM,PM Autoclave 8,10.129.7.13,8,1213,Imported Energy CH3 (MSW),61148.671875
2025-07-21 11:27:07 AM,PM C1A Substation,10.129.7.23,11,1213,Imported Energy CH3 (MSW),1550743.5
2025-07-21 11:27:07 AM,PM Autoclave 10,10.129.7.15,20,1213,Imported Energy CH3 (MSW),373757.03125
2025-07-21 11:27:07 AM,PM Autoclave 5,10.129.7.10,6,1213,Imported Energy CH3 (MSW),195734.90625
2025-07-21 11:27:07 AM,PM Autoclave 1,10.129.7.6,19,1213,Imported Energy CH3 (MSW),89708.8515625
2025-07-21 11:27:07 AM,PM B3 Substation,10.129.7.20,13,1213,Imported Energy CH3 (MSW),935129.0
2025-07-21 11:27:07 AM,PM A3 Substation,10.129.7.18,16,1213,Imported Energy CH3 (MSW),1368609.375
2025-07-21 11:27:07 AM,PM Autoclave 2,10.129.7.8,7,1213,Imported Energy CH3 (MSW),7323.45751953125
2025-07-21 11:27:07 AM,PM A1 Substation,10.129.7.17,14,1213,Imported Energy CH3 (MSW),2934513.25
2025-07-21 11:27:07 AM,PM Drop Bottom,10.129.7.16,15,1213,Imported Energy CH3 (MSW),295953.125
2025-07-21 11:27:07 AM,PM C2P Substation,10.129.7.25,5,1213,Imported Energy CH3 (MSW),77904.9375
2025-07-21 11:27:07 AM,PM Autoclave 9,10.129.7.14,23,1213,Imported Energy CH3 (MSW),287057.6875
2025-07-21 11:27:07 AM,PM C2L Substation,10.129.7.24,9,1213,Imported Energy CH3 (MSW),83504.40625
2025-07-21 11:27:07 AM,PM C1L2 Substation,10.129.7.22,4,1213,Imported Energy CH3 (MSW),112957.59375
2025-07-21 11:27:07 AM,PM Autoclave 4,10.129.7.9,18,1213,Imported Energy CH3 (MSW),41046.29296875
2025-07-21 11:27:07 AM,PM Autoclave 6,10.129.7.11,22,1213,Imported Energy CH3 (MSW),17898.115234375
2025-07-21 11:27:07 AM,PM B2 Substation,10.129.7.19,12,1213,Imported Energy CH3 (MSW),316610.28125
2025-07-21 11:28:48 AM,PM C1L1 Substation,10.129.7.21,3,1213,Imported Energy CH3 (MSW),29203.2890625
2025-07-21 11:28:48 AM,PM C1L2 Substation,10.129.7.22,4,1213,Imported Energy CH3 (MSW),112957.8125
2025-07-21 11:28:48 AM,PM C2P Substation,10.129.7.25,5,1213,Imported Energy CH3 (MSW),77905.1328125
2025-07-21 11:28:48 AM,PM Autoclave 5,10.129.7.10,6,1213,Imported Energy CH3 (MSW),195735.703125
2025-07-21 11:28:48 AM,PM C2L Substation,10.129.7.24,9,1213,Imported Energy CH3 (MSW),83504.6015625
2025-07-21 11:28:48 AM,PM B2 Substation,10.129.7.19,12,1213,Imported Energy CH3 (MSW),316611.09375
2025-07-21 11:28:49 AM,PM B3 Substation,10.129.7.20,13,1213,Imported Energy CH3 (MSW),935130.1875
2025-07-21 11:28:49 AM,PM C1A Substation,10.129.7.23,11,1213,Imported Energy CH3 (MSW),1550751.875
2025-07-21 11:28:49 AM,PM Autoclave 8,10.129.7.13,8,1213,Imported Energy CH3 (MSW),61148.671875
2025-07-21 11:28:49 AM,PM Drop Bottom,10.129.7.16,15,1213,Imported Energy CH3 (MSW),295953.65625
2025-07-21 11:28:49 AM,PM Autoclave 4,10.129.7.9,18,1213,Imported Energy CH3 (MSW),41046.29296875
2025-07-21 11:28:49 AM,PM A3 Substation,10.129.7.18,16,1213,Imported Energy CH3 (MSW),1368610.875
2025-07-21 11:28:49 AM,PM Autoclave 10,10.129.7.15,20,1213,Imported Energy CH3 (MSW),373757.03125
2025-07-21 11:28:49 AM,PM Autoclave 6,10.129.7.11,22,1213,Imported Energy CH3 (MSW),17898.123046875
2025-07-21 11:28:49 AM,PM Autoclave 1,10.129.7.6,19,1213,Imported Energy CH3 (MSW),89708.8515625
2025-07-21 11:28:49 AM,PM Autoclave 9,10.129.7.14,23,1213,Imported Energy CH3 (MSW),287057.6875
2025-07-21 11:28:49 AM,PM A1 Substation,10.129.7.17,14,1213,Imported Energy CH3 (MSW),2934516.25
2025-07-21 11:30:30 AM,PM C1A Substation,10.129.7.23,11,1213,Imported Energy CH3 (MSW),1550760.0
2025-07-21 11:30:30 AM,PM C2L Substation,10.129.7.24,9,1213,Imported Energy CH3 (MSW),83504.7890625
2025-07-21 11:30:30 AM,PM C2P Substation,10.129.7.25,5,1213,Imported Energy CH3 (MSW),77905.3203125
2025-07-21 11:30:30 AM,PM B2 Substation,10.129.7.19,12,1213,Imported Energy CH3 (MSW),316611.90625
2025-07-21 11:30:30 AM,PM B3 Substation,10.129.7.20,13,1213,Imported Energy CH3 (MSW),935131.375
2025-07-21 11:30:30 AM,PM C1L2 Substation,10.129.7.22,4,1213,Imported Energy CH3 (MSW),112958.03125
2025-07-21 11:30:30 AM,PM Drop Bottom,10.129.7.16,15,1213,Imported Energy CH3 (MSW),295954.0625
2025-07-21 11:30:30 AM,PM Autoclave 5,10.129.7.10,6,1213,Imported Energy CH3 (MSW),195736.53125
2025-07-21 11:30:30 AM,PM Autoclave 10,10.129.7.15,20,1213,Imported Energy CH3 (MSW),373757.03125
2025-07-21 11:30:30 AM,PM Autoclave 8,10.129.7.13,8,1213,Imported Energy CH3 (MSW),61148.671875
2025-07-21 11:30:30 AM,PM Autoclave 6,10.129.7.11,22,1213,Imported Energy CH3 (MSW),17898.12890625
2025-07-21 11:30:30 AM,PM A3 Substation,10.129.7.18,16,1213,Imported Energy CH3 (MSW),1368612.25
2025-07-21 11:30:30 AM,PM Autoclave 9,10.129.7.14,23,1213,Imported Energy CH3 (MSW),287057.6875
2025-07-21 11:30:30 AM,PM C1L1 Substation,10.129.7.21,3,1213,Imported Energy CH3 (MSW),29203.32421875
2025-07-21 11:30:30 AM,PM Autoclave 4,10.129.7.9,18,1213,Imported Energy CH3 (MSW),41046.29296875
2025-07-21 11:30:30 AM,PM Autoclave 1,10.129.7.6,19,1213,Imported Energy CH3 (MSW),89708.8515625
2025-07-21 11:30:30 AM,PM A1 Substation,10.129.7.17,14,1213,Imported Energy CH3 (MSW),2934519.25
2025-07-21 11:32:12 AM,PM C1L1 Substation,10.129.7.21,3,1213,Imported Energy CH3 (MSW),29203.357421875
2025-07-21 11:32:12 AM,PM Autoclave 9,10.129.7.14,23,1213,Imported Energy CH3 (MSW),287057.6875
2025-07-21 11:32:12 AM,PM Autoclave 8,10.129.7.13,8,1213,Imported Energy CH3 (MSW),61148.671875
2025-07-21 11:32:12 AM,PM Drop Bottom,10.129.7.16,15,1213,Imported Energy CH3 (MSW),295954.5625
2025-07-21 11:32:12 AM,PM Autoclave 1,10.129.7.6,19,1213,Imported Energy CH3 (MSW),89708.8515625
2025-07-21 11:32:12 AM,PM A3 Substation,10.129.7.18,16,1213,Imported Energy CH3 (MSW),1368613.75
2025-07-21 11:32:12 AM,PM B3 Substation,10.129.7.20,13,1213,Imported Energy CH3 (MSW),935132.5625
2025-07-21 11:32:12 AM,PM Autoclave 10,10.129.7.15,20,1213,Imported Energy CH3 (MSW),373757.0625
2025-07-21 11:32:12 AM,PM C2P Substation,10.129.7.25,5,1213,Imported Energy CH3 (MSW),77905.5078125
2025-07-21 11:32:12 AM,PM A1 Substation,10.129.7.17,14,1213,Imported Energy CH3 (MSW),2934522.0
2025-07-21 11:32:12 AM,PM Autoclave 6,10.129.7.11,22,1213,Imported Energy CH3 (MSW),17898.13671875
2025-07-21 11:32:12 AM,PM Autoclave 5,10.129.7.10,6,1213,Imported Energy CH3 (MSW),195737.3125
2025-07-21 11:32:12 AM,PM C2L Substation,10.129.7.24,9,1213,Imported Energy CH3 (MSW),83504.984375
2025-07-21 11:32:12 AM,PM C1L2 Substation,10.129.7.22,4,1213,Imported Energy CH3 (MSW),112958.25
2025-07-21 11:32:12 AM,PM B2 Substation,10.129.7.19,12,1213,Imported Energy CH3 (MSW),316612.75
2025-07-21 11:32:12 AM,PM C1A Substation,10.129.7.23,11,1213,Imported Energy CH3 (MSW),1550768.375
2025-07-21 11:32:12 AM,PM Autoclave 4,10.129.7.9,18,1213,Imported Energy CH3 (MSW),41046.29296875
2025-07-21 11:32:12 AM,PM Autoclave 3,10.129.7.7,17,1213,Imported Energy CH3 (MSW),34737.22265625
2025-07-21 11:33:54 AM,PM Autoclave 10,10.129.7.15,20,1213,Imported Energy CH3 (MSW),373757.0625
2025-07-21 11:33:54 AM,PM Autoclave 4,10.129.7.9,18,1213,Imported Energy CH3 (MSW),41046.29296875
2025-07-21 11:33:54 AM,PM B2 Substation,10.129.7.19,12,1213,Imported Energy CH3 (MSW),316613.53125
2025-07-21 11:33:54 AM,PM C2L Substation,10.129.7.24,9,1213,Imported Energy CH3 (MSW),83505.203125
2025-07-21 11:33:54 AM,PM C1L1 Substation,10.129.7.21,3,1213,Imported Energy CH3 (MSW),29203.390625
2025-07-21 11:33:54 AM,PM B3 Substation,10.129.7.20,13,1213,Imported Energy CH3 (MSW),935133.8125
2025-07-21 11:33:54 AM,PM A1 Substation,10.129.7.17,14,1213,Imported Energy CH3 (MSW),2934525.0
2025-07-21 11:33:54 AM,PM Drop Bottom,10.129.7.16,15,1213,Imported Energy CH3 (MSW),295955.03125
2025-07-21 11:33:54 AM,PM Autoclave 3,10.129.7.7,17,1213,Imported Energy CH3 (MSW),34737.22265625
2025-07-21 11:33:54 AM,PM A3 Substation,10.129.7.18,16,1213,Imported Energy CH3 (MSW),1368615.125
2025-07-21 11:33:54 AM,PM C1A Substation,10.129.7.23,11,1213,Imported Energy CH3 (MSW),1550775.375
2025-07-21 11:33:54 AM,PM Autoclave 9,10.129.7.14,23,1213,Imported Energy CH3 (MSW),287057.6875
2025-07-21 11:33:54 AM,PM C1L2 Substation,10.129.7.22,4,1213,Imported Energy CH3 (MSW),112958.4765625
2025-07-21 11:33:54 AM,PM Autoclave 5,10.129.7.10,6,1213,Imported Energy CH3 (MSW),195738.125
2025-07-21 11:33:54 AM,PM C2P Substation,10.129.7.25,5,1213,Imported Energy CH3 (MSW),77905.6953125
2025-07-21 11:33:54 AM,PM Autoclave 6,10.129.7.11,22,1213,Imported Energy CH3 (MSW),17898.142578125
2025-07-21 11:33:54 AM,PM Autoclave 1,10.129.7.6,19,1213,Imported Energy CH3 (MSW),89708.8515625
2025-07-21 11:35:36 AM,PM C1A Substation,10.129.7.23,11,1213,Imported Energy CH3 (MSW),1550782.0
2025-07-21 11:35:36 AM,PM C2P Substation,10.129.7.25,5,1213,Imported Energy CH3 (MSW),77905.890625
2025-07-21 11:35:36 AM,PM C1L2 Substation,10.129.7.22,4,1213,Imported Energy CH3 (MSW),112958.6875
2025-07-21 11:35:36 AM,PM Autoclave 9,10.129.7.14,23,1213,Imported Energy CH3 (MSW),287057.6875
2025-07-21 11:35:36 AM,PM A3 Substation,10.129.7.18,16,1213,Imported Energy CH3 (MSW),1368616.5
2025-07-21 11:35:36 AM,PM B3 Substation,10.129.7.20,13,1213,Imported Energy CH3 (MSW),935135.0
2025-07-21 11:35:36 AM,PM A1 Substation,10.129.7.17,14,1213,Imported Energy CH3 (MSW),2934528.0
2025-07-21 11:35:36 AM,PM Drop Bottom,10.129.7.16,15,1213,Imported Energy CH3 (MSW),295955.5625
2025-07-21 11:35:36 AM,PM Autoclave 3,10.129.7.7,17,1213,Imported Energy CH3 (MSW),34737.22265625
2025-07-21 11:35:36 AM,PM Autoclave 6,10.129.7.11,22,1213,Imported Energy CH3 (MSW),17898.150390625
2025-07-21 11:35:36 AM,PM Autoclave 10,10.129.7.15,20,1213,Imported Energy CH3 (MSW),373757.0625
2025-07-21 11:35:36 AM,PM Autoclave 4,10.129.7.9,18,1213,Imported Energy CH3 (MSW),41046.29296875
2025-07-21 11:35:36 AM,PM C1L1 Substation,10.129.7.21,3,1213,Imported Energy CH3 (MSW),29203.423828125
2025-07-21 11:35:36 AM,PM C2L Substation,10.129.7.24,9,1213,Imported Energy CH3 (MSW),83505.4296875
2025-07-21 11:35:36 AM,PM Autoclave 5,10.129.7.10,6,1213,Imported Energy CH3 (MSW),195738.890625
2025-07-21 11:35:36 AM,PM Autoclave 1,10.129.7.6,19,1213,Imported Energy CH3 (MSW),89708.8515625
2025-07-21 11:35:36 AM,PM B2 Substation,10.129.7.19,12,1213,Imported Energy CH3 (MSW),316614.34375
2025-07-21 11:37:17 AM,PM C1L1 Substation,10.129.7.21,3,1213,Imported Energy CH3 (MSW),29203.45703125
2025-07-21 11:37:17 AM,PM C1L2 Substation,10.129.7.22,4,1213,Imported Energy CH3 (MSW),112958.921875
2025-07-21 11:37:17 AM,PM C2L Substation,10.129.7.24,9,1213,Imported Energy CH3 (MSW),83505.6328125
2025-07-21 11:37:17 AM,PM Autoclave 3,10.129.7.7,17,1213,Imported Energy CH3 (MSW),34737.22265625
2025-07-21 11:37:17 AM,PM B2 Substation,10.129.7.19,12,1213,Imported Energy CH3 (MSW),316615.125
2025-07-21 11:37:17 AM,PM B3 Substation,10.129.7.20,13,1213,Imported Energy CH3 (MSW),935136.125
2025-07-21 11:37:17 AM,PM Autoclave 1,10.129.7.6,19,1213,Imported Energy CH3 (MSW),89708.8515625
2025-07-21 11:37:17 AM,PM Drop Bottom,10.129.7.16,15,1213,Imported Energy CH3 (MSW),295956.0625
2025-07-21 11:37:17 AM,PM Autoclave 10,10.129.7.15,20,1213,Imported Energy CH3 (MSW),373757.0625
2025-07-21 11:37:17 AM,PM A1 Substation,10.129.7.17,14,1213,Imported Energy CH3 (MSW),2934530.75
2025-07-21 11:37:17 AM,PM Autoclave 4,10.129.7.9,18,1213,Imported Energy CH3 (MSW),41046.29296875
2025-07-21 11:37:17 AM,PM C2P Substation,10.129.7.25,5,1213,Imported Energy CH3 (MSW),77906.09375
2025-07-21 11:37:17 AM,PM Autoclave 6,10.129.7.11,22,1213,Imported Energy CH3 (MSW),17898.15625
2025-07-21 11:37:17 AM,PM Autoclave 9,10.129.7.14,23,1213,Imported Energy CH3 (MSW),287057.6875
2025-07-21 11:37:17 AM,PM C1A Substation,10.129.7.23,11,1213,Imported Energy CH3 (MSW),1550788.0
2025-07-21 11:37:17 AM,PM Autoclave 5,10.129.7.10,6,1213,Imported Energy CH3 (MSW),195739.671875
2025-07-21 11:37:17 AM,PM A3 Substation,10.129.7.18,16,1213,Imported Energy CH3 (MSW),1368617.875
2025-07-21 11:38:59 AM,PM C2P Substation,10.129.7.25,5,1213,Imported Energy CH3 (MSW),77906.296875
2025-07-21 11:38:59 AM,PM C1L1 Substation,10.129.7.21,3,1213,Imported Energy CH3 (MSW),29203.490234375
2025-07-21 11:38:59 AM,PM B2 Substation,10.129.7.19,12,1213,Imported Energy CH3 (MSW),316615.9375
2025-07-21 11:38:59 AM,PM C1L2 Substation,10.129.7.22,4,1213,Imported Energy CH3 (MSW),112959.1640625
2025-07-21 11:38:59 AM,PM C1A Substation,10.129.7.23,11,1213,Imported Energy CH3 (MSW),1550793.25
2025-07-21 11:38:59 AM,PM C2L Substation,10.129.7.24,9,1213,Imported Energy CH3 (MSW),83505.828125
2025-07-21 11:38:59 AM,PM B3 Substation,10.129.7.20,13,1213,Imported Energy CH3 (MSW),935137.3125
2025-07-21 11:38:59 AM,PM Drop Bottom,10.129.7.16,15,1213,Imported Energy CH3 (MSW),295956.5625
2025-07-21 11:38:59 AM,PM A1 Substation,10.129.7.17,14,1213,Imported Energy CH3 (MSW),2934533.75
2025-07-21 11:38:59 AM,PM A3 Substation,10.129.7.18,16,1213,Imported Energy CH3 (MSW),1368619.375
2025-07-21 11:38:59 AM,PM Autoclave 10,10.129.7.15,20,1213,Imported Energy CH3 (MSW),373757.0625
2025-07-21 11:38:59 AM,PM Autoclave 6,10.129.7.11,22,1213,Imported Energy CH3 (MSW),17898.1640625
2025-07-21 11:38:59 AM,PM Autoclave 3,10.129.7.7,17,1213,Imported Energy CH3 (MSW),34737.22265625
2025-07-21 11:38:59 AM,PM Autoclave 9,10.129.7.14,23,1213,Imported Energy CH3 (MSW),287057.6875
2025-07-21 11:38:59 AM,PM Autoclave 5,10.129.7.10,6,1213,Imported Energy CH3 (MSW),195740.484375
2025-07-21 11:38:59 AM,PM Autoclave 4,10.129.7.9,18,1213,Imported Energy CH3 (MSW),41046.29296875
2025-07-21 11:38:59 AM,PM Autoclave 2,10.129.7.8,7,1213,Imported Energy CH3 (MSW),7323.45751953125
2025-07-21 11:40:41 AM,PM C1L1 Substation,10.129.7.21,3,1213,Imported Energy CH3 (MSW),29203.5234375
2025-07-21 11:40:41 AM,PM C2P Substation,10.129.7.25,5,1213,Imported Energy CH3 (MSW),77906.4921875
2025-07-21 11:40:41 AM,PM C1L2 Substation,10.129.7.22,4,1213,Imported Energy CH3 (MSW),112959.40625
2025-07-21 11:40:41 AM,PM Autoclave 5,10.129.7.10,6,1213,Imported Energy CH3 (MSW),195741.21875
2025-07-21 11:40:41 AM,PM B2 Substation,10.129.7.19,12,1213,Imported Energy CH3 (MSW),316616.75
2025-07-21 11:40:41 AM,PM Drop Bottom,10.129.7.16,15,1213,Imported Energy CH3 (MSW),295957.0625
2025-07-21 11:40:41 AM,PM Autoclave 10,10.129.7.15,20,1213,Imported Energy CH3 (MSW),373757.09375
2025-07-21 11:40:41 AM,PM Autoclave 4,10.129.7.9,18,1213,Imported Energy CH3 (MSW),41046.29296875
2025-07-21 11:40:41 AM,PM C2L Substation,10.129.7.24,9,1213,Imported Energy CH3 (MSW),83506.03125
2025-07-21 11:40:41 AM,PM C1A Substation,10.129.7.23,11,1213,Imported Energy CH3 (MSW),1550797.875
2025-07-21 11:40:41 AM,PM A3 Substation,10.129.7.18,16,1213,Imported Energy CH3 (MSW),1368620.75
2025-07-21 11:40:41 AM,PM A1 Substation,10.129.7.17,14,1213,Imported Energy CH3 (MSW),2934536.75
2025-07-21 11:40:41 AM,PM B3 Substation,10.129.7.20,13,1213,Imported Energy CH3 (MSW),935138.4375
2025-07-21 11:40:41 AM,PM Autoclave 3,10.129.7.7,17,1213,Imported Energy CH3 (MSW),34737.22265625
2025-07-21 11:40:41 AM,PM Autoclave 6,10.129.7.11,22,1213,Imported Energy CH3 (MSW),17898.171875
2025-07-21 11:40:41 AM,PM Autoclave 9,10.129.7.14,23,1213,Imported Energy CH3 (MSW),287057.6875
2025-07-21 11:40:41 AM,PM Autoclave 2,10.129.7.8,7,1213,Imported Energy CH3 (MSW),7323.45751953125
2025-07-21 11:42:22 AM,PM Autoclave 5,10.129.7.10,6,1213,Imported Energy CH3 (MSW),195741.9375
2025-07-21 11:42:23 AM,PM C2P Substation,10.129.7.25,5,1213,Imported Energy CH3 (MSW),77906.6953125
2025-07-21 11:42:23 AM,PM Autoclave 2,10.129.7.8,7,1213,Imported Energy CH3 (MSW),7323.45751953125
2025-07-21 11:42:23 AM,PM C1L1 Substation,10.129.7.21,3,1213,Imported Energy CH3 (MSW),29203.556640625
2025-07-21 11:42:23 AM,PM C1L2 Substation,10.129.7.22,4,1213,Imported Energy CH3 (MSW),112959.6484375
2025-07-21 11:42:23 AM,PM C1A Substation,10.129.7.23,11,1213,Imported Energy CH3 (MSW),1550802.75
2025-07-21 11:42:23 AM,PM Autoclave 10,10.129.7.15,20,1213,Imported Energy CH3 (MSW),373757.09375
2025-07-21 11:42:23 AM,PM C2L Substation,10.129.7.24,9,1213,Imported Energy CH3 (MSW),83506.2421875
2025-07-21 11:42:23 AM,PM Autoclave 3,10.129.7.7,17,1213,Imported Energy CH3 (MSW),34737.22265625
2025-07-21 11:42:23 AM,PM B2 Substation,10.129.7.19,12,1213,Imported Energy CH3 (MSW),316617.53125
2025-07-21 11:42:23 AM,PM Autoclave 4,10.129.7.9,18,1213,Imported Energy CH3 (MSW),41046.29296875
2025-07-21 11:42:23 AM,PM B3 Substation,10.129.7.20,13,1213,Imported Energy CH3 (MSW),935139.5625
2025-07-21 11:42:23 AM,PM A1 Substation,10.129.7.17,14,1213,Imported Energy CH3 (MSW),2934540.0
2025-07-21 11:42:23 AM,PM Autoclave 9,10.129.7.14,23,1213,Imported Energy CH3 (MSW),287057.6875
2025-07-21 11:42:23 AM,PM Drop Bottom,10.129.7.16,15,1213,Imported Energy CH3 (MSW),295957.5625
2025-07-21 11:42:23 AM,PM A3 Substation,10.129.7.18,16,1213,Imported Energy CH3 (MSW),1368622.25
2025-07-21 11:42:23 AM,PM Autoclave 6,10.129.7.11,22,1213,Imported Energy CH3 (MSW),17898.177734375
2025-07-21 11:44:04 AM,PM C1L1 Substation,10.129.7.21,3,1213,Imported Energy CH3 (MSW),29203.591796875
2025-07-21 11:44:04 AM,PM C2P Substation,10.129.7.25,5,1213,Imported Energy CH3 (MSW),77906.890625
2025-07-21 11:44:04 AM,PM C1L2 Substation,10.129.7.22,4,1213,Imported Energy CH3 (MSW),112959.8828125
2025-07-21 11:44:04 AM,PM Autoclave 2,10.129.7.8,7,1213,Imported Energy CH3 (MSW),7323.45751953125
2025-07-21 11:44:04 AM,PM Autoclave 10,10.129.7.15,20,1213,Imported Energy CH3 (MSW),373757.09375
2025-07-21 11:44:04 AM,PM Drop Bottom,10.129.7.16,15,1213,Imported Energy CH3 (MSW),295958.0625
2025-07-21 11:44:04 AM,PM C2L Substation,10.129.7.24,9,1213,Imported Energy CH3 (MSW),83506.4453125
2025-07-21 11:44:04 AM,PM A1 Substation,10.129.7.17,14,1213,Imported Energy CH3 (MSW),2934543.0
2025-07-21 11:44:04 AM,PM Autoclave 8,10.129.7.13,8,1213,Imported Energy CH3 (MSW),61148.671875
2025-07-21 11:44:04 AM,PM B2 Substation,10.129.7.19,12,1213,Imported Energy CH3 (MSW),316618.34375
2025-07-21 11:44:04 AM,PM Autoclave 3,10.129.7.7,17,1213,Imported Energy CH3 (MSW),34737.22265625
2025-07-21 11:44:04 AM,PM Autoclave 4,10.129.7.9,18,1213,Imported Energy CH3 (MSW),41046.29296875
2025-07-21 11:44:04 AM,PM C1A Substation,10.129.7.23,11,1213,Imported Energy CH3 (MSW),1550808.125
2025-07-21 11:44:04 AM,PM Autoclave 6,10.129.7.11,22,1213,Imported Energy CH3 (MSW),17898.185546875
2025-07-21 11:44:04 AM,PM A3 Substation,10.129.7.18,16,1213,Imported Energy CH3 (MSW),1368623.625
2025-07-21 11:44:04 AM,PM Autoclave 5,10.129.7.10,6,1213,Imported Energy CH3 (MSW),195742.734375
2025-07-21 11:44:04 AM,PM Autoclave 9,10.129.7.14,23,1213,Imported Energy CH3 (MSW),287057.6875
2025-07-21 11:44:04 AM,PM B3 Substation,10.129.7.20,13,1213,Imported Energy CH3 (MSW),935140.6875
2025-07-21 11:45:45 AM,PM C1L2 Substation,10.129.7.22,4,1213,Imported Energy CH3 (MSW),112960.1171875
2025-07-21 11:45:45 AM,PM Autoclave 2,10.129.7.8,7,1213,Imported Energy CH3 (MSW),7323.45751953125
2025-07-21 11:45:45 AM,PM B2 Substation,10.129.7.19,12,1213,Imported Energy CH3 (MSW),316619.09375
2025-07-21 11:45:45 AM,PM Autoclave 5,10.129.7.10,6,1213,Imported Energy CH3 (MSW),195743.453125
2025-07-21 11:45:45 AM,PM C2P Substation,10.129.7.25,5,1213,Imported Energy CH3 (MSW),77907.0859375
2025-07-21 11:45:45 AM,PM Drop Bottom,10.129.7.16,15,1213,Imported Energy CH3 (MSW),295958.53125
2025-07-21 11:45:45 AM,PM C1L1 Substation,10.129.7.21,3,1213,Imported Energy CH3 (MSW),29203.625
2025-07-21 11:45:45 AM,PM A3 Substation,10.129.7.18,16,1213,Imported Energy CH3 (MSW),1368625.0
2025-07-21 11:45:45 AM,PM Autoclave 4,10.129.7.9,18,1213,Imported Energy CH3 (MSW),41046.29296875
2025-07-21 11:45:45 AM,PM Autoclave 3,10.129.7.7,17,1213,Imported Energy CH3 (MSW),34737.22265625
2025-07-21 11:45:45 AM,PM Autoclave 9,10.129.7.14,23,1213,Imported Energy CH3 (MSW),287057.6875
2025-07-21 11:45:45 AM,PM Autoclave 6,10.129.7.11,22,1213,Imported Energy CH3 (MSW),17898.19140625
2025-07-21 11:45:45 AM,PM Autoclave 10,10.129.7.15,20,1213,Imported Energy CH3 (MSW),373757.09375
2025-07-21 11:45:45 AM,PM B3 Substation,10.129.7.20,13,1213,Imported Energy CH3 (MSW),935141.875
2025-07-21 11:45:45 AM,PM A1 Substation,10.129.7.17,14,1213,Imported Energy CH3 (MSW),2934546.25
2025-07-21 11:45:46 AM,PM C2L Substation,10.129.7.24,9,1213,Imported Energy CH3 (MSW),83506.65625
2025-07-21 11:45:46 AM,PM C1A Substation,10.129.7.23,11,1213,Imported Energy CH3 (MSW),1550813.0
2025-07-21 11:47:27 AM,PM C1L2 Substation,10.129.7.22,4,1213,Imported Energy CH3 (MSW),112960.359375
2025-07-21 11:47:27 AM,PM A3 Substation,10.129.7.18,16,1213,Imported Energy CH3 (MSW),1368626.375
2025-07-21 11:47:27 AM,PM B3 Substation,10.129.7.20,13,1213,Imported Energy CH3 (MSW),935143.0
2025-07-21 11:47:27 AM,PM Autoclave 5,10.129.7.10,6,1213,Imported Energy CH3 (MSW),195744.21875
2025-07-21 11:47:27 AM,PM Autoclave 10,10.129.7.15,20,1213,Imported Energy CH3 (MSW),373757.09375
2025-07-21 11:47:27 AM,PM C1L1 Substation,10.129.7.21,3,1213,Imported Energy CH3 (MSW),29203.658203125
2025-07-21 11:47:27 AM,PM Autoclave 4,10.129.7.9,18,1213,Imported Energy CH3 (MSW),41046.29296875
2025-07-21 11:47:27 AM,PM Autoclave 6,10.129.7.11,22,1213,Imported Energy CH3 (MSW),17898.19921875
2025-07-21 11:47:27 AM,PM A1 Substation,10.129.7.17,14,1213,Imported Energy CH3 (MSW),2934549.5
2025-07-21 11:47:27 AM,PM C1A Substation,10.129.7.23,11,1213,Imported Energy CH3 (MSW),1550818.375
2025-07-21 11:47:27 AM,PM Autoclave 2,10.129.7.8,7,1213,Imported Energy CH3 (MSW),7323.45751953125
2025-07-21 11:47:27 AM,PM Autoclave 3,10.129.7.7,17,1213,Imported Energy CH3 (MSW),34737.22265625
2025-07-21 11:47:27 AM,PM C2L Substation,10.129.7.24,9,1213,Imported Energy CH3 (MSW),83506.84375
2025-07-21 11:47:27 AM,PM B2 Substation,10.129.7.19,12,1213,Imported Energy CH3 (MSW),316619.875
2025-07-21 11:47:27 AM,PM Autoclave 9,10.129.7.14,23,1213,Imported Energy CH3 (MSW),287057.6875
2025-07-21 11:47:27 AM,PM Drop Bottom,10.129.7.16,15,1213,Imported Energy CH3 (MSW),295959.03125
2025-07-21 11:47:27 AM,PM C2P Substation,10.129.7.25,5,1213,Imported Energy CH3 (MSW),77907.28125
2025-07-21 12:08:31 PM,PM C1A Substation,10.129.7.23,11,1213,Imported Energy CH3 (MSW),1550883.75
2025-07-21 12:08:31 PM,PM Autoclave 3,10.129.7.7,17,1213,Imported Energy CH3 (MSW),34737.22265625
2025-07-21 12:08:31 PM,PM Autoclave 8,10.129.7.13,8,1213,Imported Energy CH3 (MSW),61148.6796875
2025-07-21 12:08:31 PM,PM C2L Substation,10.129.7.24,9,1213,Imported Energy CH3 (MSW),83509.5
2025-07-21 12:08:31 PM,PM Autoclave 5,10.129.7.10,6,1213,Imported Energy CH3 (MSW),195753.921875
2025-07-21 12:08:31 PM,PM C1L2 Substation,10.129.7.22,4,1213,Imported Energy CH3 (MSW),112963.265625
2025-07-21 12:08:31 PM,PM C2P Substation,10.129.7.25,5,1213,Imported Energy CH3 (MSW),77909.59375
2025-07-21 12:08:31 PM,PM A1 Substation,10.129.7.17,14,1213,Imported Energy CH3 (MSW),2934586.25
2025-07-21 12:08:31 PM,PM Autoclave 10,10.129.7.15,20,1213,Imported Energy CH3 (MSW),373757.1875
2025-07-21 12:08:31 PM,PM B3 Substation,10.129.7.20,13,1213,Imported Energy CH3 (MSW),935157.4375
2025-07-21 12:08:31 PM,PM C1L1 Substation,10.129.7.21,3,1213,Imported Energy CH3 (MSW),29204.08984375
2025-07-21 12:08:31 PM,PM Autoclave 2,10.129.7.8,7,1213,Imported Energy CH3 (MSW),7323.45751953125
2025-07-21 12:08:31 PM,PM Autoclave 9,10.129.7.14,23,1213,Imported Energy CH3 (MSW),287061.09375
2025-07-21 12:08:31 PM,PM A3 Substation,10.129.7.18,16,1213,Imported Energy CH3 (MSW),1368644.5
2025-07-21 12:08:31 PM,PM Autoclave 4,10.129.7.9,18,1213,Imported Energy CH3 (MSW),41046.29296875
2025-07-21 12:08:31 PM,PM Autoclave 1,10.129.7.6,19,1213,Imported Energy CH3 (MSW),89708.8515625
2025-07-21 12:08:31 PM,PM Drop Bottom,10.129.7.16,15,1213,Imported Energy CH3 (MSW),295965.09375
2025-07-21 12:08:31 PM,PM Autoclave 6,10.129.7.11,22,1213,Imported Energy CH3 (MSW),17898.28515625
2025-07-21 12:08:31 PM,PM B2 Substation,10.129.7.19,12,1213,Imported Energy CH3 (MSW),316629.875
2025-07-21 12:09:37 PM,PM C1L1 Substation,10.129.7.21,3,1213,Imported Energy CH3 (MSW),29204.11328125
2025-07-21 12:09:37 PM,PM C1L2 Substation,10.129.7.22,4,1213,Imported Energy CH3 (MSW),112963.421875
2025-07-21 12:09:37 PM,PM Autoclave 2,10.129.7.8,7,1213,Imported Energy CH3 (MSW),7323.4580078125
2025-07-21 12:09:37 PM,PM Autoclave 5,10.129.7.10,6,1213,Imported Energy CH3 (MSW),195754.390625
2025-07-21 12:09:37 PM,PM C2P Substation,10.129.7.25,5,1213,Imported Energy CH3 (MSW),77909.71875
2025-07-21 12:09:37 PM,PM C2L Substation,10.129.7.24,9,1213,Imported Energy CH3 (MSW),83509.625
2025-07-21 12:09:37 PM,PM B2 Substation,10.129.7.19,12,1213,Imported Energy CH3 (MSW),316630.375
2025-07-21 12:09:37 PM,PM B3 Substation,10.129.7.20,13,1213,Imported Energy CH3 (MSW),935158.1875
2025-07-21 12:09:37 PM,PM Autoclave 4,10.129.7.9,18,1213,Imported Energy CH3 (MSW),41046.29296875
2025-07-21 12:09:37 PM,PM Autoclave 3,10.129.7.7,17,1213,Imported Energy CH3 (MSW),34737.22265625
2025-07-21 12:09:37 PM,PM Drop Bottom,10.129.7.16,15,1213,Imported Energy CH3 (MSW),295965.4375
2025-07-21 12:09:37 PM,PM A3 Substation,10.129.7.18,16,1213,Imported Energy CH3 (MSW),1368645.375
2025-07-21 12:09:37 PM,PM Autoclave 10,10.129.7.15,20,1213,Imported Energy CH3 (MSW),373757.1875
2025-07-21 12:09:37 PM,PM Autoclave 1,10.129.7.6,19,1213,Imported Energy CH3 (MSW),89708.8515625
2025-07-21 12:09:37 PM,PM C1A Substation,10.129.7.23,11,1213,Imported Energy CH3 (MSW),1550888.625
2025-07-21 12:09:37 PM,PM Autoclave 9,10.129.7.14,23,1213,Imported Energy CH3 (MSW),287061.59375
2025-07-21 12:09:37 PM,PM A1 Substation,10.129.7.17,14,1213,Imported Energy CH3 (MSW),2934588.0
2025-07-21 12:09:37 PM,PM Autoclave 6,10.129.7.11,22,1213,Imported Energy CH3 (MSW),17898.291015625
2025-07-21 12:09:37 PM,PM Autoclave 8,10.129.7.13,8,1213,Imported Energy CH3 (MSW),61148.6796875
2025-07-21 12:10:40 PM,PM C1L2 Substation,10.129.7.22,4,1213,Imported Energy CH3 (MSW),112963.5703125
2025-07-21 12:10:41 PM,PM Autoclave 5,10.129.7.10,6,1213,Imported Energy CH3 (MSW),195754.90625
2025-07-21 12:10:41 PM,PM Autoclave 2,10.129.7.8,7,1213,Imported Energy CH3 (MSW),7323.4580078125
2025-07-21 12:10:41 PM,PM C2P Substation,10.129.7.25,5,1213,Imported Energy CH3 (MSW),77909.8359375
2025-07-21 12:10:41 PM,PM Drop Bottom,10.129.7.16,15,1213,Imported Energy CH3 (MSW),295965.75
2025-07-21 12:10:41 PM,PM C2L Substation,10.129.7.24,9,1213,Imported Energy CH3 (MSW),83509.75
2025-07-21 12:10:41 PM,PM A3 Substation,10.129.7.18,16,1213,Imported Energy CH3 (MSW),1368646.375
2025-07-21 12:10:41 PM,PM C1A Substation,10.129.7.23,11,1213,Imported Energy CH3 (MSW),1550894.0
2025-07-21 12:10:41 PM,PM Autoclave 1,10.129.7.6,19,1213,Imported Energy CH3 (MSW),89708.8515625
2025-07-21 12:10:41 PM,PM Autoclave 3,10.129.7.7,17,1213,Imported Energy CH3 (MSW),34737.22265625
2025-07-21 12:10:41 PM,PM Autoclave 10,10.129.7.15,20,1213,Imported Energy CH3 (MSW),373757.1875
2025-07-21 12:10:41 PM,PM B3 Substation,10.129.7.20,13,1213,Imported Energy CH3 (MSW),935158.875
2025-07-21 12:10:41 PM,PM A1 Substation,10.129.7.17,14,1213,Imported Energy CH3 (MSW),2934589.5
2025-07-21 12:10:41 PM,PM Autoclave 6,10.129.7.11,22,1213,Imported Energy CH3 (MSW),17898.294921875
2025-07-21 12:10:41 PM,PM Autoclave 9,10.129.7.14,23,1213,Imported Energy CH3 (MSW),287062.0625
2025-07-21 12:10:41 PM,PM C1L1 Substation,10.129.7.21,3,1213,Imported Energy CH3 (MSW),29204.134765625
2025-07-21 12:10:41 PM,PM Autoclave 8,10.129.7.13,8,1213,Imported Energy CH3 (MSW),61148.6796875
2025-07-21 12:10:41 PM,PM B2 Substation,10.129.7.19,12,1213,Imported Energy CH3 (MSW),316630.875
2025-07-21 12:10:41 PM,PM Autoclave 4,10.129.7.9,18,1213,Imported Energy CH3 (MSW),41046.29296875
2025-07-21 12:11:45 PM,PM C2P Substation,10.129.7.25,5,1213,Imported Energy CH3 (MSW),77909.9453125
2025-07-21 12:11:45 PM,PM C1L2 Substation,10.129.7.22,4,1213,Imported Energy CH3 (MSW),112963.71875
2025-07-21 12:11:45 PM,PM Autoclave 5,10.129.7.10,6,1213,Imported Energy CH3 (MSW),195755.40625
2025-07-21 12:11:45 PM,PM Drop Bottom,10.129.7.16,15,1213,Imported Energy CH3 (MSW),295966.0625
2025-07-21 12:11:45 PM,PM Autoclave 4,10.129.7.9,18,1213,Imported Energy CH3 (MSW),41046.29296875
2025-07-21 12:11:45 PM,PM C2L Substation,10.129.7.24,9,1213,Imported Energy CH3 (MSW),83509.875
2025-07-21 12:11:45 PM,PM Autoclave 6,10.129.7.11,22,1213,Imported Energy CH3 (MSW),17898.298828125
2025-07-21 12:11:45 PM,PM Autoclave 10,10.129.7.15,20,1213,Imported Energy CH3 (MSW),373757.1875
2025-07-21 12:11:45 PM,PM Autoclave 9,10.129.7.14,23,1213,Imported Energy CH3 (MSW),287062.59375
2025-07-21 12:11:45 PM,PM Autoclave 1,10.129.7.6,19,1213,Imported Energy CH3 (MSW),89708.8515625
2025-07-21 12:11:45 PM,PM Autoclave 8,10.129.7.13,8,1213,Imported Energy CH3 (MSW),61148.6796875
2025-07-21 12:11:45 PM,PM C1A Substation,10.129.7.23,11,1213,Imported Energy CH3 (MSW),1550899.125
2025-07-21 12:11:45 PM,PM B3 Substation,10.129.7.20,13,1213,Imported Energy CH3 (MSW),935159.625
2025-07-21 12:11:45 PM,PM Autoclave 3,10.129.7.7,17,1213,Imported Energy CH3 (MSW),34737.22265625
2025-07-21 12:11:45 PM,PM A1 Substation,10.129.7.17,14,1213,Imported Energy CH3 (MSW),2934591.25
2025-07-21 12:11:45 PM,PM Autoclave 2,10.129.7.8,7,1213,Imported Energy CH3 (MSW),7323.4580078125
2025-07-21 12:11:45 PM,PM A3 Substation,10.129.7.18,16,1213,Imported Energy CH3 (MSW),1368647.375
2025-07-21 12:11:45 PM,PM B2 Substation,10.129.7.19,12,1213,Imported Energy CH3 (MSW),316631.375
2025-07-21 12:11:45 PM,PM C1L1 Substation,10.129.7.21,3,1213,Imported Energy CH3 (MSW),29204.15625
2025-07-21 12:12:49 PM,PM Autoclave 5,10.129.7.10,6,1213,Imported Energy CH3 (MSW),195755.890625
2025-07-21 12:12:49 PM,PM C1L2 Substation,10.129.7.22,4,1213,Imported Energy CH3 (MSW),112963.8671875
2025-07-21 12:12:49 PM,PM C2P Substation,10.129.7.25,5,1213,Imported Energy CH3 (MSW),77910.0546875
2025-07-21 12:12:49 PM,PM C1L1 Substation,10.129.7.21,3,1213,Imported Energy CH3 (MSW),29204.1796875
2025-07-21 12:12:49 PM,PM Autoclave 2,10.129.7.8,7,1213,Imported Energy CH3 (MSW),7323.4580078125
2025-07-21 12:12:49 PM,PM Autoclave 8,10.129.7.13,8,1213,Imported Energy CH3 (MSW),61148.6796875
2025-07-21 12:12:49 PM,PM A3 Substation,10.129.7.18,16,1213,Imported Energy CH3 (MSW),1368648.375
2025-07-21 12:12:49 PM,PM C2L Substation,10.129.7.24,9,1213,Imported Energy CH3 (MSW),83510.0
2025-07-21 12:12:49 PM,PM Autoclave 1,10.129.7.6,19,1213,Imported Energy CH3 (MSW),89708.8515625
2025-07-21 12:12:49 PM,PM C1A Substation,10.129.7.23,11,1213,Imported Energy CH3 (MSW),1550904.5
2025-07-21 12:12:49 PM,PM B2 Substation,10.129.7.19,12,1213,Imported Energy CH3 (MSW),316631.875
2025-07-21 12:12:49 PM,PM B3 Substation,10.129.7.20,13,1213,Imported Energy CH3 (MSW),935160.375
2025-07-21 12:12:49 PM,PM Autoclave 10,10.129.7.15,20,1213,Imported Energy CH3 (MSW),373757.21875
2025-07-21 12:12:49 PM,PM Drop Bottom,10.129.7.16,15,1213,Imported Energy CH3 (MSW),295966.375
2025-07-21 12:12:49 PM,PM A1 Substation,10.129.7.17,14,1213,Imported Energy CH3 (MSW),2934593.0
2025-07-21 12:12:49 PM,PM Autoclave 6,10.129.7.11,22,1213,Imported Energy CH3 (MSW),17898.3046875
2025-07-21 12:12:49 PM,PM Autoclave 9,10.129.7.14,23,1213,Imported Energy CH3 (MSW),287063.21875
2025-07-21 12:12:49 PM,PM Autoclave 3,10.129.7.7,17,1213,Imported Energy CH3 (MSW),34737.22265625
2025-07-21 12:12:49 PM,PM Autoclave 4,10.129.7.9,18,1213,Imported Energy CH3 (MSW),41046.29296875
2025-07-21 12:13:53 PM,PM C1L1 Substation,10.129.7.21,3,1213,Imported Energy CH3 (MSW),29204.201171875
2025-07-21 12:13:53 PM,PM Autoclave 8,10.129.7.13,8,1213,Imported Energy CH3 (MSW),61148.6796875
2025-07-21 12:13:53 PM,PM C1L2 Substation,10.129.7.22,4,1213,Imported Energy CH3 (MSW),112964.015625
2025-07-21 12:13:53 PM,PM C2P Substation,10.129.7.25,5,1213,Imported Energy CH3 (MSW),77910.171875
2025-07-21 12:13:53 PM,PM Autoclave 5,10.129.7.10,6,1213,Imported Energy CH3 (MSW),195756.421875
2025-07-21 12:13:53 PM,PM C1A Substation,10.129.7.23,11,1213,Imported Energy CH3 (MSW),1550909.25
2025-07-21 12:13:53 PM,PM Autoclave 2,10.129.7.8,7,1213,Imported Energy CH3 (MSW),7323.4580078125
2025-07-21 12:13:53 PM,PM B2 Substation,10.129.7.19,12,1213,Imported Energy CH3 (MSW),316632.375
2025-07-21 12:13:53 PM,PM Drop Bottom,10.129.7.16,15,1213,Imported Energy CH3 (MSW),295966.6875
2025-07-21 12:13:53 PM,PM B3 Substation,10.129.7.20,13,1213,Imported Energy CH3 (MSW),935161.0625
2025-07-21 12:13:53 PM,PM A1 Substation,10.129.7.17,14,1213,Imported Energy CH3 (MSW),2934594.75
2025-07-21 12:13:53 PM,PM Autoclave 3,10.129.7.7,17,1213,Imported Energy CH3 (MSW),34737.22265625
2025-07-21 12:13:53 PM,PM Autoclave 10,10.129.7.15,20,1213,Imported Energy CH3 (MSW),373757.21875
2025-07-21 12:13:53 PM,PM Autoclave 6,10.129.7.11,22,1213,Imported Energy CH3 (MSW),17898.30859375
2025-07-21 12:13:53 PM,PM Autoclave 1,10.129.7.6,19,1213,Imported Energy CH3 (MSW),89708.8515625
2025-07-21 12:13:53 PM,PM Autoclave 4,10.129.7.9,18,1213,Imported Energy CH3 (MSW),41046.29296875
2025-07-21 12:13:53 PM,PM A3 Substation,10.129.7.18,16,1213,Imported Energy CH3 (MSW),1368649.25
2025-07-21 12:13:53 PM,PM Autoclave 9,10.129.7.14,23,1213,Imported Energy CH3 (MSW),287063.8125
2025-07-21 12:13:53 PM,PM C2L Substation,10.129.7.24,9,1213,Imported Energy CH3 (MSW),83510.125
2025-07-21 12:14:58 PM,PM C2L Substation,10.129.7.24,9,1213,Imported Energy CH3 (MSW),83510.2421875
2025-07-21 12:14:58 PM,PM Drop Bottom,10.129.7.16,15,1213,Imported Energy CH3 (MSW),295967.0
2025-07-21 12:14:58 PM,PM A3 Substation,10.129.7.18,16,1213,Imported Energy CH3 (MSW),1368650.125
2025-07-21 12:14:58 PM,PM Autoclave 10,10.129.7.15,20,1213,Imported Energy CH3 (MSW),373757.21875
2025-07-21 12:14:58 PM,PM Autoclave 4,10.129.7.9,18,1213,Imported Energy CH3 (MSW),41046.29296875
2025-07-21 12:14:58 PM,PM C1A Substation,10.129.7.23,11,1213,Imported Energy CH3 (MSW),1550913.625
2025-07-21 12:14:58 PM,PM C2P Substation,10.129.7.25,5,1213,Imported Energy CH3 (MSW),77910.2890625
2025-07-21 12:14:58 PM,PM Autoclave 2,10.129.7.8,7,1213,Imported Energy CH3 (MSW),7323.4580078125
2025-07-21 12:14:58 PM,PM Autoclave 5,10.129.7.10,6,1213,Imported Energy CH3 (MSW),195756.9375
2025-07-21 12:14:58 PM,PM C1L1 Substation,10.129.7.21,3,1213,Imported Energy CH3 (MSW),29204.22265625
2025-07-21 12:14:58 PM,PM A1 Substation,10.129.7.17,14,1213,Imported Energy CH3 (MSW),2934596.5
2025-07-21 12:14:58 PM,PM B3 Substation,10.129.7.20,13,1213,Imported Energy CH3 (MSW),935161.8125
2025-07-21 12:14:58 PM,PM Autoclave 3,10.129.7.7,17,1213,Imported Energy CH3 (MSW),34737.22265625
2025-07-21 12:14:58 PM,PM C1L2 Substation,10.129.7.22,4,1213,Imported Energy CH3 (MSW),112964.171875
2025-07-21 12:14:58 PM,PM Autoclave 6,10.129.7.11,22,1213,Imported Energy CH3 (MSW),17898.3125
2025-07-21 12:14:58 PM,PM Autoclave 9,10.129.7.14,23,1213,Imported Energy CH3 (MSW),287064.4375
2025-07-21 12:14:58 PM,PM Autoclave 8,10.129.7.13,8,1213,Imported Energy CH3 (MSW),61148.6796875
2025-07-21 12:14:58 PM,PM B2 Substation,10.129.7.19,12,1213,Imported Energy CH3 (MSW),316632.90625
2025-07-21 12:14:58 PM,PM Autoclave 1,10.129.7.6,19,1213,Imported Energy CH3 (MSW),89708.8515625
2025-07-21 12:16:03 PM,PM C1L1 Substation,10.129.7.21,3,1213,Imported Energy CH3 (MSW),29204.24609375
2025-07-21 12:16:03 PM,PM C1L2 Substation,10.129.7.22,4,1213,Imported Energy CH3 (MSW),112964.3203125
2025-07-21 12:16:03 PM,PM C2P Substation,10.129.7.25,5,1213,Imported Energy CH3 (MSW),77910.4140625
2025-07-21 12:16:03 PM,PM Autoclave 5,10.129.7.10,6,1213,Imported Energy CH3 (MSW),195757.453125
2025-07-21 12:16:03 PM,PM Autoclave 2,10.129.7.8,7,1213,Imported Energy CH3 (MSW),7323.458984375
2025-07-21 12:16:03 PM,PM C2L Substation,10.129.7.24,9,1213,Imported Energy CH3 (MSW),83510.359375
2025-07-21 12:16:03 PM,PM Drop Bottom,10.129.7.16,15,1213,Imported Energy CH3 (MSW),295967.28125
2025-07-21 12:16:03 PM,PM Autoclave 9,10.129.7.14,23,1213,Imported Energy CH3 (MSW),287065.09375
2025-07-21 12:16:03 PM,PM B3 Substation,10.129.7.20,13,1213,Imported Energy CH3 (MSW),935162.5625
2025-07-21 12:16:03 PM,PM Autoclave 1,10.129.7.6,19,1213,Imported Energy CH3 (MSW),89708.8515625
2025-07-21 12:16:03 PM,PM Autoclave 6,10.129.7.11,22,1213,Imported Energy CH3 (MSW),17898.31640625
2025-07-21 12:16:03 PM,PM C1A Substation,10.129.7.23,11,1213,Imported Energy CH3 (MSW),1550917.25
2025-07-21 12:16:03 PM,PM B2 Substation,10.129.7.19,12,1213,Imported Energy CH3 (MSW),316633.4375
2025-07-21 12:16:03 PM,PM Autoclave 3,10.129.7.7,17,1213,Imported Energy CH3 (MSW),34737.22265625
2025-07-21 12:16:03 PM,PM A1 Substation,10.129.7.17,14,1213,Imported Energy CH3 (MSW),2934598.25
2025-07-21 12:16:03 PM,PM Autoclave 8,10.129.7.13,8,1213,Imported Energy CH3 (MSW),61148.6796875
2025-07-21 12:16:03 PM,PM A3 Substation,10.129.7.18,16,1213,Imported Energy CH3 (MSW),1368651.125
2025-07-21 12:16:03 PM,PM Autoclave 4,10.129.7.9,18,1213,Imported Energy CH3 (MSW),41046.29296875
2025-07-21 12:16:03 PM,PM Autoclave 10,10.129.7.15,20,1213,Imported Energy CH3 (MSW),373757.21875
2025-07-21 12:17:07 PM,PM C2P Substation,10.129.7.25,5,1213,Imported Energy CH3 (MSW),77910.53125
2025-07-21 12:17:07 PM,PM C1L1 Substation,10.129.7.21,3,1213,Imported Energy CH3 (MSW),29204.267578125
2025-07-21 12:17:07 PM,PM Autoclave 5,10.129.7.10,6,1213,Imported Energy CH3 (MSW),195757.9375
2025-07-21 12:17:07 PM,PM C1L2 Substation,10.129.7.22,4,1213,Imported Energy CH3 (MSW),112964.46875
2025-07-21 12:17:07 PM,PM Autoclave 2,10.129.7.8,7,1213,Imported Energy CH3 (MSW),7323.458984375
2025-07-21 12:17:07 PM,PM B2 Substation,10.129.7.19,12,1213,Imported Energy CH3 (MSW),316633.9375
2025-07-21 12:17:07 PM,PM Autoclave 8,10.129.7.13,8,1213,Imported Energy CH3 (MSW),61148.6796875
2025-07-21 12:17:07 PM,PM Autoclave 4,10.129.7.9,18,1213,Imported Energy CH3 (MSW),41046.29296875
2025-07-21 12:17:07 PM,PM C1A Substation,10.129.7.23,11,1213,Imported Energy CH3 (MSW),1550921.25
2025-07-21 12:17:07 PM,PM B3 Substation,10.129.7.20,13,1213,Imported Energy CH3 (MSW),935163.3125
2025-07-21 12:17:07 PM,PM Autoclave 1,10.129.7.6,19,1213,Imported Energy CH3 (MSW),89708.8515625
2025-07-21 12:17:07 PM,PM Autoclave 9,10.129.7.14,23,1213,Imported Energy CH3 (MSW),287065.75
2025-07-21 12:17:07 PM,PM Autoclave 10,10.129.7.15,20,1213,Imported Energy CH3 (MSW),373757.21875
2025-07-21 12:17:07 PM,PM Drop Bottom,10.129.7.16,15,1213,Imported Energy CH3 (MSW),295967.59375
2025-07-21 12:17:07 PM,PM A3 Substation,10.129.7.18,16,1213,Imported Energy CH3 (MSW),1368652.0
2025-07-21 12:17:07 PM,PM Autoclave 3,10.129.7.7,17,1213,Imported Energy CH3 (MSW),34737.22265625
2025-07-21 12:17:07 PM,PM A1 Substation,10.129.7.17,14,1213,Imported Energy CH3 (MSW),2934600.0
2025-07-21 12:17:07 PM,PM C2L Substation,10.129.7.24,9,1213,Imported Energy CH3 (MSW),83510.4765625
2025-07-21 12:17:07 PM,PM Autoclave 6,10.129.7.11,22,1213,Imported Energy CH3 (MSW),17898.322265625
2025-07-21 12:18:11 PM,PM C1L1 Substation,10.129.7.21,3,1213,Imported Energy CH3 (MSW),29204.2890625
2025-07-21 12:18:11 PM,PM C1L2 Substation,10.129.7.22,4,1213,Imported Energy CH3 (MSW),112964.6171875
2025-07-21 12:18:11 PM,PM C2P Substation,10.129.7.25,5,1213,Imported Energy CH3 (MSW),77910.6484375
2025-07-21 12:18:11 PM,PM C2L Substation,10.129.7.24,9,1213,Imported Energy CH3 (MSW),83510.5859375
2025-07-21 12:18:11 PM,PM B2 Substation,10.129.7.19,12,1213,Imported Energy CH3 (MSW),316634.4375
2025-07-21 12:18:11 PM,PM A1 Substation,10.129.7.17,14,1213,Imported Energy CH3 (MSW),2934601.75
2025-07-21 12:18:11 PM,PM Autoclave 5,10.129.7.10,6,1213,Imported Energy CH3 (MSW),195758.4375
2025-07-21 12:18:11 PM,PM Autoclave 8,10.129.7.13,8,1213,Imported Energy CH3 (MSW),61148.6796875
2025-07-21 12:18:11 PM,PM B3 Substation,10.129.7.20,13,1213,Imported Energy CH3 (MSW),935164.0
2025-07-21 12:18:11 PM,PM Autoclave 1,10.129.7.6,19,1213,Imported Energy CH3 (MSW),89708.8515625
2025-07-21 12:18:11 PM,PM Autoclave 10,10.129.7.15,20,1213,Imported Energy CH3 (MSW),373757.21875
2025-07-21 12:18:11 PM,PM Autoclave 9,10.129.7.14,23,1213,Imported Energy CH3 (MSW),287066.40625
2025-07-21 12:18:11 PM,PM Autoclave 4,10.129.7.9,18,1213,Imported Energy CH3 (MSW),41046.29296875
2025-07-21 12:18:11 PM,PM A3 Substation,10.129.7.18,16,1213,Imported Energy CH3 (MSW),1368653.0
2025-07-21 12:18:11 PM,PM Autoclave 3,10.129.7.7,17,1213,Imported Energy CH3 (MSW),34737.22265625
2025-07-21 12:18:11 PM,PM Autoclave 2,10.129.7.8,7,1213,Imported Energy CH3 (MSW),7323.458984375
2025-07-21 12:18:11 PM,PM Drop Bottom,10.129.7.16,15,1213,Imported Energy CH3 (MSW),295967.90625
2025-07-21 12:18:11 PM,PM Autoclave 6,10.129.7.11,22,1213,Imported Energy CH3 (MSW),17898.326171875
2025-07-21 12:18:12 PM,PM C1A Substation,10.129.7.23,11,1213,Imported Energy CH3 (MSW),1550925.375
2025-07-21 12:19:15 PM,PM C1L2 Substation,10.129.7.22,4,1213,Imported Energy CH3 (MSW),112964.7734375
2025-07-21 12:19:15 PM,PM Autoclave 8,10.129.7.13,8,1213,Imported Energy CH3 (MSW),61148.6796875
2025-07-21 12:19:15 PM,PM B2 Substation,10.129.7.19,12,1213,Imported Energy CH3 (MSW),316634.9375
2025-07-21 12:19:15 PM,PM C2L Substation,10.129.7.24,9,1213,Imported Energy CH3 (MSW),83510.6953125
2025-07-21 12:19:15 PM,PM C2P Substation,10.129.7.25,5,1213,Imported Energy CH3 (MSW),77910.7734375
2025-07-21 12:19:15 PM,PM Autoclave 2,10.129.7.8,7,1213,Imported Energy CH3 (MSW),7323.458984375
2025-07-21 12:19:15 PM,PM C1A Substation,10.129.7.23,11,1213,Imported Energy CH3 (MSW),1550929.625
2025-07-21 12:19:15 PM,PM Autoclave 5,10.129.7.10,6,1213,Imported Energy CH3 (MSW),195758.921875
2025-07-21 12:19:15 PM,PM A1 Substation,10.129.7.17,14,1213,Imported Energy CH3 (MSW),2934603.5
2025-07-21 12:19:15 PM,PM C1L1 Substation,10.129.7.21,3,1213,Imported Energy CH3 (MSW),29204.3125
2025-07-21 12:19:15 PM,PM Drop Bottom,10.129.7.16,15,1213,Imported Energy CH3 (MSW),295968.21875
2025-07-21 12:19:15 PM,PM B3 Substation,10.129.7.20,13,1213,Imported Energy CH3 (MSW),935164.75
2025-07-21 12:19:15 PM,PM Autoclave 6,10.129.7.11,22,1213,Imported Energy CH3 (MSW),17898.330078125
2025-07-21 12:19:15 PM,PM A3 Substation,10.129.7.18,16,1213,Imported Energy CH3 (MSW),1368653.875
2025-07-21 12:19:15 PM,PM Autoclave 10,10.129.7.15,20,1213,Imported Energy CH3 (MSW),373757.21875
2025-07-21 12:19:15 PM,PM Autoclave 4,10.129.7.9,18,1213,Imported Energy CH3 (MSW),41046.29296875
2025-07-21 12:19:15 PM,PM Autoclave 9,10.129.7.14,23,1213,Imported Energy CH3 (MSW),287067.15625
2025-07-21 12:19:15 PM,PM Autoclave 3,10.129.7.7,17,1213,Imported Energy CH3 (MSW),34737.22265625
2025-07-21 12:19:34 PM,PM Autoclave 1,10.129.7.6,19,1213,Imported Energy CH3 (MSW),89708.8515625
2025-07-21 12:20:38 PM,PM Autoclave 5,10.129.7.10,6,1213,Imported Energy CH3 (MSW),195759.546875
2025-07-21 12:20:38 PM,PM C2P Substation,10.129.7.25,5,1213,Imported Energy CH3 (MSW),77910.921875
2025-07-21 12:20:38 PM,PM C1L1 Substation,10.129.7.21,3,1213,Imported Energy CH3 (MSW),29204.33984375
2025-07-21 12:20:38 PM,PM Drop Bottom,10.129.7.16,15,1213,Imported Energy CH3 (MSW),295968.625
2025-07-21 12:20:38 PM,PM C1A Substation,10.129.7.23,11,1213,Imported Energy CH3 (MSW),1550935.5
2025-07-21 12:20:38 PM,PM Autoclave 8,10.129.7.13,8,1213,Imported Energy CH3 (MSW),61148.6796875
2025-07-21 12:20:38 PM,PM B3 Substation,10.129.7.20,13,1213,Imported Energy CH3 (MSW),935165.6875
2025-07-21 12:20:38 PM,PM C2L Substation,10.129.7.24,9,1213,Imported Energy CH3 (MSW),83510.84375
2025-07-21 12:20:38 PM,PM Autoclave 2,10.129.7.8,7,1213,Imported Energy CH3 (MSW),7323.458984375
2025-07-21 12:20:38 PM,PM B2 Substation,10.129.7.19,12,1213,Imported Energy CH3 (MSW),316635.59375
2025-07-21 12:20:38 PM,PM Autoclave 3,10.129.7.7,17,1213,Imported Energy CH3 (MSW),34737.22265625
2025-07-21 12:20:38 PM,PM Autoclave 1,10.129.7.6,19,1213,Imported Energy CH3 (MSW),89708.8515625
2025-07-21 12:20:38 PM,PM Autoclave 6,10.129.7.11,22,1213,Imported Energy CH3 (MSW),17898.3359375
2025-07-21 12:20:38 PM,PM Autoclave 9,10.129.7.14,23,1213,Imported Energy CH3 (MSW),287068.125
2025-07-21 12:20:38 PM,PM A1 Substation,10.129.7.17,14,1213,Imported Energy CH3 (MSW),2934605.75
2025-07-21 12:20:38 PM,PM A3 Substation,10.129.7.18,16,1213,Imported Energy CH3 (MSW),1368655.125
2025-07-21 12:20:38 PM,PM Autoclave 10,10.129.7.15,20,1213,Imported Energy CH3 (MSW),373757.21875
2025-07-21 12:20:38 PM,PM C1L2 Substation,10.129.7.22,4,1213,Imported Energy CH3 (MSW),112964.9765625
2025-07-21 12:20:38 PM,PM Autoclave 4,10.129.7.9,18,1213,Imported Energy CH3 (MSW),41046.29296875
2025-07-21 12:21:43 PM,PM C2P Substation,10.129.7.25,5,1213,Imported Energy CH3 (MSW),77911.046875
2025-07-21 12:21:43 PM,PM C1L2 Substation,10.129.7.22,4,1213,Imported Energy CH3 (MSW),112965.1328125
2025-07-21 12:21:43 PM,PM C1L1 Substation,10.129.7.21,3,1213,Imported Energy CH3 (MSW),29204.361328125
2025-07-21 12:21:43 PM,PM Autoclave 8,10.129.7.13,8,1213,Imported Energy CH3 (MSW),61148.6796875
2025-07-21 12:21:43 PM,PM Autoclave 5,10.129.7.10,6,1213,Imported Energy CH3 (MSW),195760.046875
2025-07-21 12:21:43 PM,PM B3 Substation,10.129.7.20,13,1213,Imported Energy CH3 (MSW),935166.4375
2025-07-21 12:21:43 PM,PM Autoclave 2,10.129.7.8,7,1213,Imported Energy CH3 (MSW),7323.458984375
2025-07-21 12:21:43 PM,PM A1 Substation,10.129.7.17,14,1213,Imported Energy CH3 (MSW),2934607.5
2025-07-21 12:21:43 PM,PM B2 Substation,10.129.7.19,12,1213,Imported Energy CH3 (MSW),316636.0625
2025-07-21 12:21:43 PM,PM C1A Substation,10.129.7.23,11,1213,Imported Energy CH3 (MSW),1550939.75
2025-07-21 12:21:43 PM,PM A3 Substation,10.129.7.18,16,1213,Imported Energy CH3 (MSW),1368656.125
2025-07-21 12:21:43 PM,PM Autoclave 1,10.129.7.6,19,1213,Imported Energy CH3 (MSW),89708.8515625
2025-07-21 12:21:43 PM,PM Drop Bottom,10.129.7.16,15,1213,Imported Energy CH3 (MSW),295968.9375
2025-07-21 12:21:43 PM,PM Autoclave 10,10.129.7.15,20,1213,Imported Energy CH3 (MSW),373757.25
2025-07-21 12:21:43 PM,PM Autoclave 6,10.129.7.11,22,1213,Imported Energy CH3 (MSW),17898.341796875
2025-07-21 12:21:43 PM,PM Autoclave 3,10.129.7.7,17,1213,Imported Energy CH3 (MSW),34737.22265625
2025-07-21 12:21:43 PM,PM C2L Substation,10.129.7.24,9,1213,Imported Energy CH3 (MSW),83510.9453125
2025-07-21 12:21:43 PM,PM Autoclave 4,10.129.7.9,18,1213,Imported Energy CH3 (MSW),41046.29296875
2025-07-21 12:21:43 PM,PM Autoclave 9,10.129.7.14,23,1213,Imported Energy CH3 (MSW),287068.90625
2025-07-21 12:22:46 PM,PM C1L1 Substation,10.129.7.21,3,1213,Imported Energy CH3 (MSW),29204.3828125
2025-07-21 12:22:46 PM,PM Autoclave 5,10.129.7.10,6,1213,Imported Energy CH3 (MSW),195760.546875
2025-07-21 12:22:46 PM,PM C1L2 Substation,10.129.7.22,4,1213,Imported Energy CH3 (MSW),112965.2890625
2025-07-21 12:22:46 PM,PM Autoclave 8,10.129.7.13,8,1213,Imported Energy CH3 (MSW),61148.6796875
2025-07-21 12:22:46 PM,PM C2P Substation,10.129.7.25,5,1213,Imported Energy CH3 (MSW),77911.1640625
2025-07-21 12:22:46 PM,PM B2 Substation,10.129.7.19,12,1213,Imported Energy CH3 (MSW),316636.5625
2025-07-21 12:22:46 PM,PM C1A Substation,10.129.7.23,11,1213,Imported Energy CH3 (MSW),1550943.375
2025-07-21 12:22:46 PM,PM Autoclave 3,10.129.7.7,17,1213,Imported Energy CH3 (MSW),34737.22265625
2025-07-21 12:22:47 PM,PM Autoclave 6,10.129.7.11,22,1213,Imported Energy CH3 (MSW),17898.345703125
2025-07-21 12:22:47 PM,PM Autoclave 10,10.129.7.15,20,1213,Imported Energy CH3 (MSW),373757.25
2025-07-21 12:22:47 PM,PM A1 Substation,10.129.7.17,14,1213,Imported Energy CH3 (MSW),2934609.25
2025-07-21 12:22:47 PM,PM Autoclave 1,10.129.7.6,19,1213,Imported Energy CH3 (MSW),89708.8515625
2025-07-21 12:22:47 PM,PM Autoclave 2,10.129.7.8,7,1213,Imported Energy CH3 (MSW),7323.458984375
2025-07-21 12:22:47 PM,PM B3 Substation,10.129.7.20,13,1213,Imported Energy CH3 (MSW),935167.1875
2025-07-21 12:22:47 PM,PM Drop Bottom,10.129.7.16,15,1213,Imported Energy CH3 (MSW),295969.25
2025-07-21 12:22:47 PM,PM A3 Substation,10.129.7.18,16,1213,Imported Energy CH3 (MSW),1368657.125
2025-07-21 12:22:47 PM,PM C2L Substation,10.129.7.24,9,1213,Imported Energy CH3 (MSW),83511.046875
2025-07-21 12:22:47 PM,PM Autoclave 4,10.129.7.9,18,1213,Imported Energy CH3 (MSW),41046.29296875
2025-07-21 12:22:47 PM,PM Autoclave 9,10.129.7.14,23,1213,Imported Energy CH3 (MSW),287069.65625
2025-07-21 12:23:51 PM,PM C1L1 Substation,10.129.7.21,3,1213,Imported Energy CH3 (MSW),29204.404296875
2025-07-21 12:23:51 PM,PM C1L2 Substation,10.129.7.22,4,1213,Imported Energy CH3 (MSW),112965.4375
2025-07-21 12:23:51 PM,PM Autoclave 8,10.129.7.13,8,1213,Imported Energy CH3 (MSW),61148.6796875
2025-07-21 12:23:51 PM,PM Autoclave 2,10.129.7.8,7,1213,Imported Energy CH3 (MSW),7323.458984375
2025-07-21 12:23:51 PM,PM A1 Substation,10.129.7.17,14,1213,Imported Energy CH3 (MSW),2934611.0
2025-07-21 12:23:51 PM,PM Drop Bottom,10.129.7.16,15,1213,Imported Energy CH3 (MSW),295969.5625
2025-07-21 12:23:51 PM,PM Autoclave 5,10.129.7.10,6,1213,Imported Energy CH3 (MSW),195761.03125
2025-07-21 12:23:51 PM,PM C2L Substation,10.129.7.24,9,1213,Imported Energy CH3 (MSW),83511.1484375
2025-07-21 12:23:51 PM,PM C2P Substation,10.129.7.25,5,1213,Imported Energy CH3 (MSW),77911.2890625
2025-07-21 12:23:51 PM,PM B3 Substation,10.129.7.20,13,1213,Imported Energy CH3 (MSW),935167.9375
2025-07-21 12:23:51 PM,PM C1A Substation,10.129.7.23,11,1213,Imported Energy CH3 (MSW),1550947.0
2025-07-21 12:23:51 PM,PM Autoclave 10,10.129.7.15,20,1213,Imported Energy CH3 (MSW),373757.25
2025-07-21 12:23:51 PM,PM B2 Substation,10.129.7.19,12,1213,Imported Energy CH3 (MSW),316637.03125
2025-07-21 12:23:51 PM,PM Autoclave 4,10.129.7.9,18,1213,Imported Energy CH3 (MSW),41046.29296875
2025-07-21 12:23:51 PM,PM Autoclave 1,10.129.7.6,19,1213,Imported Energy CH3 (MSW),89708.8515625
2025-07-21 12:23:51 PM,PM Autoclave 3,10.129.7.7,17,1213,Imported Energy CH3 (MSW),34737.22265625
2025-07-21 12:23:51 PM,PM Autoclave 6,10.129.7.11,22,1213,Imported Energy CH3 (MSW),17898.349609375
2025-07-21 12:23:51 PM,PM A3 Substation,10.129.7.18,16,1213,Imported Energy CH3 (MSW),1368658.0
2025-07-21 12:23:51 PM,PM Autoclave 9,10.129.7.14,23,1213,Imported Energy CH3 (MSW),287070.4375
2025-07-21 12:24:55 PM,PM C2P Substation,10.129.7.25,5,1213,Imported Energy CH3 (MSW),77911.4140625
2025-07-21 12:24:55 PM,PM Autoclave 2,10.129.7.8,7,1213,Imported Energy CH3 (MSW),7323.458984375
2025-07-21 12:24:55 PM,PM B2 Substation,10.129.7.19,12,1213,Imported Energy CH3 (MSW),316637.53125
2025-07-21 12:24:55 PM,PM B3 Substation,10.129.7.20,13,1213,Imported Energy CH3 (MSW),935168.625
2025-07-21 12:24:55 PM,PM Autoclave 3,10.129.7.7,17,1213,Imported Energy CH3 (MSW),34737.22265625
2025-07-21 12:24:55 PM,PM Autoclave 5,10.129.7.10,6,1213,Imported Energy CH3 (MSW),195761.5625
2025-07-21 12:24:55 PM,PM Autoclave 6,10.129.7.11,22,1213,Imported Energy CH3 (MSW),17898.353515625
2025-07-21 12:24:55 PM,PM Drop Bottom,10.129.7.16,15,1213,Imported Energy CH3 (MSW),295969.875
2025-07-21 12:24:55 PM,PM Autoclave 4,10.129.7.9,18,1213,Imported Energy CH3 (MSW),41046.29296875
2025-07-21 12:24:55 PM,PM Autoclave 1,10.129.7.6,19,1213,Imported Energy CH3 (MSW),89708.8515625
2025-07-21 12:24:55 PM,PM C2L Substation,10.129.7.24,9,1213,Imported Energy CH3 (MSW),83511.25
2025-07-21 12:24:55 PM,PM C1L2 Substation,10.129.7.22,4,1213,Imported Energy CH3 (MSW),112965.59375
2025-07-21 12:24:55 PM,PM Autoclave 10,10.129.7.15,20,1213,Imported Energy CH3 (MSW),373757.25
2025-07-21 12:24:55 PM,PM Autoclave 9,10.129.7.14,23,1213,Imported Energy CH3 (MSW),287071.15625
2025-07-21 12:24:55 PM,PM C1L1 Substation,10.129.7.21,3,1213,Imported Energy CH3 (MSW),29204.427734375
2025-07-21 12:24:55 PM,PM C1A Substation,10.129.7.23,11,1213,Imported Energy CH3 (MSW),1550951.125
2025-07-21 12:24:55 PM,PM Autoclave 8,10.129.7.13,8,1213,Imported Energy CH3 (MSW),61148.6796875
2025-07-21 12:24:55 PM,PM A3 Substation,10.129.7.18,16,1213,Imported Energy CH3 (MSW),1368658.875
2025-07-21 12:24:55 PM,PM A1 Substation,10.129.7.17,14,1213,Imported Energy CH3 (MSW),2934612.75
2025-07-21 12:25:59 PM,PM C2P Substation,10.129.7.25,5,1213,Imported Energy CH3 (MSW),77911.5390625
2025-07-21 12:25:59 PM,PM C1L1 Substation,10.129.7.21,3,1213,Imported Energy CH3 (MSW),29204.44921875
2025-07-21 12:25:59 PM,PM A1 Substation,10.129.7.17,14,1213,Imported Energy CH3 (MSW),2934614.25
2025-07-21 12:25:59 PM,PM C1L2 Substation,10.129.7.22,4,1213,Imported Energy CH3 (MSW),112965.75
2025-07-21 12:25:59 PM,PM Autoclave 8,10.129.7.13,8,1213,Imported Energy CH3 (MSW),61148.6796875
2025-07-21 12:25:59 PM,PM Drop Bottom,10.129.7.16,15,1213,Imported Energy CH3 (MSW),295970.21875
2025-07-21 12:25:59 PM,PM Autoclave 4,10.129.7.9,18,1213,Imported Energy CH3 (MSW),41046.29296875
2025-07-21 12:25:59 PM,PM C2L Substation,10.129.7.24,9,1213,Imported Energy CH3 (MSW),83511.359375
2025-07-21 12:25:59 PM,PM Autoclave 5,10.129.7.10,6,1213,Imported Energy CH3 (MSW),195762.046875
2025-07-21 12:25:59 PM,PM C1A Substation,10.129.7.23,11,1213,Imported Energy CH3 (MSW),1550955.125
2025-07-21 12:25:59 PM,PM Autoclave 3,10.129.7.7,17,1213,Imported Energy CH3 (MSW),34737.22265625
2025-07-21 12:25:59 PM,PM Autoclave 2,10.129.7.8,7,1213,Imported Energy CH3 (MSW),7323.458984375
2025-07-21 12:25:59 PM,PM B2 Substation,10.129.7.19,12,1213,Imported Energy CH3 (MSW),316638.03125
2025-07-21 12:25:59 PM,PM A3 Substation,10.129.7.18,16,1213,Imported Energy CH3 (MSW),1368659.875
2025-07-21 12:25:59 PM,PM Autoclave 10,10.129.7.15,20,1213,Imported Energy CH3 (MSW),373757.25
2025-07-21 12:25:59 PM,PM Autoclave 1,10.129.7.6,19,1213,Imported Energy CH3 (MSW),89708.8515625
2025-07-21 12:25:59 PM,PM Autoclave 9,10.129.7.14,23,1213,Imported Energy CH3 (MSW),287071.90625
2025-07-21 12:25:59 PM,PM B3 Substation,10.129.7.20,13,1213,Imported Energy CH3 (MSW),935169.375
2025-07-21 12:25:59 PM,PM Autoclave 6,10.129.7.11,22,1213,Imported Energy CH3 (MSW),17898.359375
2025-07-21 12:27:04 PM,PM C1L2 Substation,10.129.7.22,4,1213,Imported Energy CH3 (MSW),112965.8984375
2025-07-21 12:27:04 PM,PM C2P Substation,10.129.7.25,5,1213,Imported Energy CH3 (MSW),77911.6640625
2025-07-21 12:27:04 PM,PM C1L1 Substation,10.129.7.21,3,1213,Imported Energy CH3 (MSW),29204.470703125
2025-07-21 12:27:04 PM,PM Autoclave 5,10.129.7.10,6,1213,Imported Energy CH3 (MSW),195762.546875
2025-07-21 12:27:04 PM,PM A1 Substation,10.129.7.17,14,1213,Imported Energy CH3 (MSW),2934616.0
2025-07-21 12:27:04 PM,PM C2L Substation,10.129.7.24,9,1213,Imported Energy CH3 (MSW),83511.46875
2025-07-21 12:27:04 PM,PM Autoclave 8,10.129.7.13,8,1213,Imported Energy CH3 (MSW),61148.6796875
2025-07-21 12:27:04 PM,PM B2 Substation,10.129.7.19,12,1213,Imported Energy CH3 (MSW),316638.53125
2025-07-21 12:27:04 PM,PM C1A Substation,10.129.7.23,11,1213,Imported Energy CH3 (MSW),1550959.875
2025-07-21 12:27:04 PM,PM Autoclave 2,10.129.7.8,7,1213,Imported Energy CH3 (MSW),7323.458984375
2025-07-21 12:27:04 PM,PM Drop Bottom,10.129.7.16,15,1213,Imported Energy CH3 (MSW),295970.53125
2025-07-21 12:27:04 PM,PM B3 Substation,10.129.7.20,13,1213,Imported Energy CH3 (MSW),935170.125
2025-07-21 12:27:04 PM,PM Autoclave 1,10.129.7.6,19,1213,Imported Energy CH3 (MSW),89708.8515625
2025-07-21 12:27:04 PM,PM Autoclave 9,10.129.7.14,23,1213,Imported Energy CH3 (MSW),287072.6875
2025-07-21 12:27:04 PM,PM Autoclave 4,10.129.7.9,18,1213,Imported Energy CH3 (MSW),41046.29296875
2025-07-21 12:27:04 PM,PM Autoclave 6,10.129.7.11,22,1213,Imported Energy CH3 (MSW),17898.36328125
2025-07-21 12:27:04 PM,PM Autoclave 10,10.129.7.15,20,1213,Imported Energy CH3 (MSW),373757.25
2025-07-21 12:27:04 PM,PM Autoclave 3,10.129.7.7,17,1213,Imported Energy CH3 (MSW),34737.22265625
2025-07-21 12:27:04 PM,PM A3 Substation,10.129.7.18,16,1213,Imported Energy CH3 (MSW),1368660.75
2025-07-21 12:28:09 PM,PM C2P Substation,10.129.7.25,5,1213,Imported Energy CH3 (MSW),77911.7890625
2025-07-21 12:28:09 PM,PM C1L2 Substation,10.129.7.22,4,1213,Imported Energy CH3 (MSW),112966.0546875
2025-07-21 12:28:09 PM,PM C1L1 Substation,10.129.7.21,3,1213,Imported Energy CH3 (MSW),29204.4921875
2025-07-21 12:28:09 PM,PM Autoclave 2,10.129.7.8,7,1213,Imported Energy CH3 (MSW),7323.458984375
2025-07-21 12:28:09 PM,PM Autoclave 8,10.129.7.13,8,1213,Imported Energy CH3 (MSW),61148.6796875
2025-07-21 12:28:09 PM,PM Autoclave 5,10.129.7.10,6,1213,Imported Energy CH3 (MSW),195763.078125
2025-07-21 12:28:09 PM,PM C1A Substation,10.129.7.23,11,1213,Imported Energy CH3 (MSW),1550965.0
2025-07-21 12:28:09 PM,PM C2L Substation,10.129.7.24,9,1213,Imported Energy CH3 (MSW),83511.578125
2025-07-21 12:28:09 PM,PM B3 Substation,10.129.7.20,13,1213,Imported Energy CH3 (MSW),935170.8125
2025-07-21 12:28:09 PM,PM Autoclave 3,10.129.7.7,17,1213,Imported Energy CH3 (MSW),34737.22265625
2025-07-21 12:28:09 PM,PM Autoclave 1,10.129.7.6,19,1213,Imported Energy CH3 (MSW),89708.8515625
2025-07-21 12:28:09 PM,PM B2 Substation,10.129.7.19,12,1213,Imported Energy CH3 (MSW),316639.03125
2025-07-21 12:28:09 PM,PM Drop Bottom,10.129.7.16,15,1213,Imported Energy CH3 (MSW),295970.875
2025-07-21 12:28:09 PM,PM A3 Substation,10.129.7.18,16,1213,Imported Energy CH3 (MSW),1368661.625
2025-07-21 12:28:09 PM,PM Autoclave 10,10.129.7.15,20,1213,Imported Energy CH3 (MSW),373757.25
2025-07-21 12:28:09 PM,PM Autoclave 4,10.129.7.9,18,1213,Imported Energy CH3 (MSW),41046.29296875
2025-07-21 12:28:09 PM,PM Autoclave 6,10.129.7.11,22,1213,Imported Energy CH3 (MSW),17898.3671875
2025-07-21 12:28:09 PM,PM Autoclave 9,10.129.7.14,23,1213,Imported Energy CH3 (MSW),287073.46875
2025-07-21 12:28:09 PM,PM A1 Substation,10.129.7.17,14,1213,Imported Energy CH3 (MSW),2934618.0
2025-07-21 12:29:13 PM,PM Autoclave 5,10.129.7.10,6,1213,Imported Energy CH3 (MSW),195763.53125
2025-07-21 12:29:13 PM,PM C1L1 Substation,10.129.7.21,3,1213,Imported Energy CH3 (MSW),29204.513671875
2025-07-21 12:29:13 PM,PM Autoclave 2,10.129.7.8,7,1213,Imported Energy CH3 (MSW),7323.458984375
2025-07-21 12:29:13 PM,PM C2P Substation,10.129.7.25,5,1213,Imported Energy CH3 (MSW),77911.9140625
2025-07-21 12:29:13 PM,PM C1L2 Substation,10.129.7.22,4,1213,Imported Energy CH3 (MSW),112966.2109375
2025-07-21 12:29:13 PM,PM Autoclave 8,10.129.7.13,8,1213,Imported Energy CH3 (MSW),61148.6796875
2025-07-21 12:29:13 PM,PM A3 Substation,10.129.7.18,16,1213,Imported Energy CH3 (MSW),1368662.5
2025-07-21 12:29:13 PM,PM C2L Substation,10.129.7.24,9,1213,Imported Energy CH3 (MSW),83511.6875
2025-07-21 12:29:13 PM,PM C1A Substation,10.129.7.23,11,1213,Imported Energy CH3 (MSW),1550969.375
2025-07-21 12:29:13 PM,PM A1 Substation,10.129.7.17,14,1213,Imported Energy CH3 (MSW),2934619.75
2025-07-21 12:29:13 PM,PM Autoclave 6,10.129.7.11,22,1213,Imported Energy CH3 (MSW),17898.373046875
2025-07-21 12:29:13 PM,PM B2 Substation,10.129.7.19,12,1213,Imported Energy CH3 (MSW),316639.5
2025-07-21 12:29:13 PM,PM Autoclave 10,10.129.7.15,20,1213,Imported Energy CH3 (MSW),373757.25
2025-07-21 12:29:13 PM,PM Autoclave 3,10.129.7.7,17,1213,Imported Energy CH3 (MSW),34737.22265625
2025-07-21 12:29:13 PM,PM Autoclave 9,10.129.7.14,23,1213,Imported Energy CH3 (MSW),287074.1875
2025-07-21 12:29:13 PM,PM Autoclave 4,10.129.7.9,18,1213,Imported Energy CH3 (MSW),41046.29296875
2025-07-21 12:29:13 PM,PM Drop Bottom,10.129.7.16,15,1213,Imported Energy CH3 (MSW),295971.15625
2025-07-21 12:29:13 PM,PM B3 Substation,10.129.7.20,13,1213,Imported Energy CH3 (MSW),935171.5625
2025-07-21 12:29:34 PM,PM Autoclave 1,10.129.7.6,19,1213,Imported Energy CH3 (MSW),89708.8515625
2025-07-21 12:30:38 PM,PM C2P Substation,10.129.7.25,5,1213,Imported Energy CH3 (MSW),77912.0703125
2025-07-21 12:30:38 PM,PM C2L Substation,10.129.7.24,9,1213,Imported Energy CH3 (MSW),83511.828125
2025-07-21 12:30:38 PM,PM B2 Substation,10.129.7.19,12,1213,Imported Energy CH3 (MSW),316640.1875
2025-07-21 12:30:38 PM,PM Autoclave 1,10.129.7.6,19,1213,Imported Energy CH3 (MSW),89708.8515625
2025-07-21 12:30:38 PM,PM A1 Substation,10.129.7.17,14,1213,Imported Energy CH3 (MSW),2934622.0
2025-07-21 12:30:38 PM,PM Autoclave 6,10.129.7.11,22,1213,Imported Energy CH3 (MSW),17898.37890625
2025-07-21 12:30:38 PM,PM Autoclave 10,10.129.7.15,20,1213,Imported Energy CH3 (MSW),373757.28125
2025-07-21 12:30:38 PM,PM C1L1 Substation,10.129.7.21,3,1213,Imported Energy CH3 (MSW),29204.541015625
2025-07-21 12:30:38 PM,PM C1L2 Substation,10.129.7.22,4,1213,Imported Energy CH3 (MSW),112966.4140625
2025-07-21 12:30:38 PM,PM Autoclave 9,10.129.7.14,23,1213,Imported Energy CH3 (MSW),287075.65625
2025-07-21 12:30:38 PM,PM C1A Substation,10.129.7.23,11,1213,Imported Energy CH3 (MSW),1550975.125
2025-07-21 12:30:38 PM,PM Autoclave 4,10.129.7.9,18,1213,Imported Energy CH3 (MSW),41046.29296875
2025-07-21 12:30:38 PM,PM Autoclave 8,10.129.7.13,8,1213,Imported Energy CH3 (MSW),61148.6796875
2025-07-21 12:30:38 PM,PM Drop Bottom,10.129.7.16,15,1213,Imported Energy CH3 (MSW),295971.53125
2025-07-21 12:30:38 PM,PM Autoclave 2,10.129.7.8,7,1213,Imported Energy CH3 (MSW),7323.458984375
2025-07-21 12:30:38 PM,PM Autoclave 3,10.129.7.7,17,1213,Imported Energy CH3 (MSW),34737.22265625
2025-07-21 12:30:38 PM,PM B3 Substation,10.129.7.20,13,1213,Imported Energy CH3 (MSW),935172.5625
2025-07-21 12:30:38 PM,PM Autoclave 5,10.129.7.10,6,1213,Imported Energy CH3 (MSW),195764.1875
2025-07-21 12:30:38 PM,PM A3 Substation,10.129.7.18,16,1213,Imported Energy CH3 (MSW),1368663.625
2025-07-21 12:31:42 PM,PM B2 Substation,10.129.7.19,12,1213,Imported Energy CH3 (MSW),316640.71875
2025-07-21 12:31:42 PM,PM C2P Substation,10.129.7.25,5,1213,Imported Energy CH3 (MSW),77912.1875
2025-07-21 12:31:42 PM,PM C1L1 Substation,10.129.7.21,3,1213,Imported Energy CH3 (MSW),29204.5625
2025-07-21 12:31:42 PM,PM Autoclave 5,10.129.7.10,6,1213,Imported Energy CH3 (MSW),195764.6875
2025-07-21 12:31:42 PM,PM A3 Substation,10.129.7.18,16,1213,Imported Energy CH3 (MSW),1368664.625
2025-07-21 12:31:42 PM,PM Autoclave 2,10.129.7.8,7,1213,Imported Energy CH3 (MSW),7323.458984375
2025-07-21 12:31:42 PM,PM B3 Substation,10.129.7.20,13,1213,Imported Energy CH3 (MSW),935173.25
2025-07-21 12:31:42 PM,PM Autoclave 3,10.129.7.7,17,1213,Imported Energy CH3 (MSW),34737.22265625
2025-07-21 12:31:42 PM,PM C1A Substation,10.129.7.23,11,1213,Imported Energy CH3 (MSW),1550978.875
2025-07-21 12:31:42 PM,PM Drop Bottom,10.129.7.16,15,1213,Imported Energy CH3 (MSW),295971.84375
2025-07-21 12:31:42 PM,PM A1 Substation,10.129.7.17,14,1213,Imported Energy CH3 (MSW),2934623.75
2025-07-21 12:31:42 PM,PM C1L2 Substation,10.129.7.22,4,1213,Imported Energy CH3 (MSW),112966.5625
2025-07-21 12:31:42 PM,PM Autoclave 1,10.129.7.6,19,1213,Imported Energy CH3 (MSW),89708.8515625
2025-07-21 12:31:42 PM,PM Autoclave 6,10.129.7.11,22,1213,Imported Energy CH3 (MSW),17898.3828125
2025-07-21 12:31:42 PM,PM Autoclave 9,10.129.7.14,23,1213,Imported Energy CH3 (MSW),287077.3125
2025-07-21 12:31:42 PM,PM C2L Substation,10.129.7.24,9,1213,Imported Energy CH3 (MSW),83511.9453125
2025-07-21 12:31:42 PM,PM Autoclave 8,10.129.7.13,8,1213,Imported Energy CH3 (MSW),61148.6796875
2025-07-21 12:31:42 PM,PM Autoclave 4,10.129.7.9,18,1213,Imported Energy CH3 (MSW),41046.29296875
2025-07-21 12:31:43 PM,PM Autoclave 10,10.129.7.15,20,1213,Imported Energy CH3 (MSW),373757.28125
2025-07-21 12:32:46 PM,PM C1L2 Substation,10.129.7.22,4,1213,Imported Energy CH3 (MSW),112966.7109375
2025-07-21 12:32:46 PM,PM C1L1 Substation,10.129.7.21,3,1213,Imported Energy CH3 (MSW),29204.5859375
2025-07-21 12:32:46 PM,PM C2L Substation,10.129.7.24,9,1213,Imported Energy CH3 (MSW),83512.0625
2025-07-21 12:32:46 PM,PM B3 Substation,10.129.7.20,13,1213,Imported Energy CH3 (MSW),935174.0
2025-07-21 12:32:46 PM,PM A3 Substation,10.129.7.18,16,1213,Imported Energy CH3 (MSW),1368665.5
2025-07-21 12:32:46 PM,PM Autoclave 5,10.129.7.10,6,1213,Imported Energy CH3 (MSW),195765.109375
2025-07-21 12:32:46 PM,PM Autoclave 8,10.129.7.13,8,1213,Imported Energy CH3 (MSW),61148.6796875
2025-07-21 12:32:46 PM,PM Autoclave 3,10.129.7.7,17,1213,Imported Energy CH3 (MSW),34737.22265625
2025-07-21 12:32:46 PM,PM Autoclave 2,10.129.7.8,7,1213,Imported Energy CH3 (MSW),7323.458984375
2025-07-21 12:32:46 PM,PM Autoclave 1,10.129.7.6,19,1213,Imported Energy CH3 (MSW),89708.8515625
2025-07-21 12:32:46 PM,PM Drop Bottom,10.129.7.16,15,1213,Imported Energy CH3 (MSW),295972.125
2025-07-21 12:32:46 PM,PM C2P Substation,10.129.7.25,5,1213,Imported Energy CH3 (MSW),77912.3125
2025-07-21 12:32:46 PM,PM Autoclave 4,10.129.7.9,18,1213,Imported Energy CH3 (MSW),41046.29296875
2025-07-21 12:32:46 PM,PM C1A Substation,10.129.7.23,11,1213,Imported Energy CH3 (MSW),1550983.0
2025-07-21 12:32:46 PM,PM Autoclave 9,10.129.7.14,23,1213,Imported Energy CH3 (MSW),287079.125
2025-07-21 12:32:46 PM,PM Autoclave 6,10.129.7.11,22,1213,Imported Energy CH3 (MSW),17898.38671875
2025-07-21 12:32:46 PM,PM Autoclave 10,10.129.7.15,20,1213,Imported Energy CH3 (MSW),373757.28125
2025-07-21 12:32:46 PM,PM A1 Substation,10.129.7.17,14,1213,Imported Energy CH3 (MSW),2934625.5
2025-07-21 12:32:46 PM,PM B2 Substation,10.129.7.19,12,1213,Imported Energy CH3 (MSW),316641.25
2025-07-21 12:33:51 PM,PM C1L2 Substation,10.129.7.22,4,1213,Imported Energy CH3 (MSW),112966.859375
2025-07-21 12:33:51 PM,PM Autoclave 2,10.129.7.8,7,1213,Imported Energy CH3 (MSW),7323.458984375
2025-07-21 12:33:51 PM,PM C2P Substation,10.129.7.25,5,1213,Imported Energy CH3 (MSW),77912.4296875
2025-07-21 12:33:51 PM,PM Autoclave 5,10.129.7.10,6,1213,Imported Energy CH3 (MSW),195765.609375
2025-07-21 12:33:51 PM,PM B2 Substation,10.129.7.19,12,1213,Imported Energy CH3 (MSW),316641.75
2025-07-21 12:33:51 PM,PM Autoclave 8,10.129.7.13,8,1213,Imported Energy CH3 (MSW),61148.6796875
2025-07-21 12:33:51 PM,PM Autoclave 10,10.129.7.15,20,1213,Imported Energy CH3 (MSW),373757.28125
2025-07-21 12:33:51 PM,PM Autoclave 4,10.129.7.9,18,1213,Imported Energy CH3 (MSW),41046.29296875
2025-07-21 12:33:51 PM,PM Autoclave 3,10.129.7.7,17,1213,Imported Energy CH3 (MSW),34737.22265625
2025-07-21 12:33:51 PM,PM Autoclave 1,10.129.7.6,19,1213,Imported Energy CH3 (MSW),89708.8515625
2025-07-21 12:33:51 PM,PM Drop Bottom,10.129.7.16,15,1213,Imported Energy CH3 (MSW),295972.46875
2025-07-21 12:33:51 PM,PM A1 Substation,10.129.7.17,14,1213,Imported Energy CH3 (MSW),2934627.25
2025-07-21 12:33:51 PM,PM Autoclave 6,10.129.7.11,22,1213,Imported Energy CH3 (MSW),17898.392578125
2025-07-21 12:33:51 PM,PM C1A Substation,10.129.7.23,11,1213,Imported Energy CH3 (MSW),1550987.25
2025-07-21 12:33:51 PM,PM Autoclave 9,10.129.7.14,23,1213,Imported Energy CH3 (MSW),287080.9375
2025-07-21 12:33:51 PM,PM C1L1 Substation,10.129.7.21,3,1213,Imported Energy CH3 (MSW),29204.607421875
2025-07-21 12:33:51 PM,PM B3 Substation,10.129.7.20,13,1213,Imported Energy CH3 (MSW),935174.6875
2025-07-21 12:33:51 PM,PM C2L Substation,10.129.7.24,9,1213,Imported Energy CH3 (MSW),83512.1796875
2025-07-21 12:33:51 PM,PM A3 Substation,10.129.7.18,16,1213,Imported Energy CH3 (MSW),1368666.5
2025-07-21 12:34:56 PM,PM C2P Substation,10.129.7.25,5,1213,Imported Energy CH3 (MSW),77912.546875
2025-07-21 12:34:56 PM,PM C1L2 Substation,10.129.7.22,4,1213,Imported Energy CH3 (MSW),112967.0
2025-07-21 12:34:56 PM,PM Autoclave 5,10.129.7.10,6,1213,Imported Energy CH3 (MSW),195766.140625
2025-07-21 12:34:56 PM,PM Autoclave 8,10.129.7.13,8,1213,Imported Energy CH3 (MSW),61148.6796875
2025-07-21 12:34:56 PM,PM C2L Substation,10.129.7.24,9,1213,Imported Energy CH3 (MSW),83512.28125
2025-07-21 12:34:56 PM,PM B3 Substation,10.129.7.20,13,1213,Imported Energy CH3 (MSW),935175.4375
2025-07-21 12:34:56 PM,PM Drop Bottom,10.129.7.16,15,1213,Imported Energy CH3 (MSW),295972.75
2025-07-21 12:34:56 PM,PM A1 Substation,10.129.7.17,14,1213,Imported Energy CH3 (MSW),2934629.0
2025-07-21 12:34:56 PM,PM Autoclave 10,10.129.7.15,20,1213,Imported Energy CH3 (MSW),373757.28125
2025-07-21 12:34:56 PM,PM Autoclave 1,10.129.7.6,19,1213,Imported Energy CH3 (MSW),89708.8515625
2025-07-21 12:34:56 PM,PM Autoclave 2,10.129.7.8,7,1213,Imported Energy CH3 (MSW),7323.458984375
2025-07-21 12:34:56 PM,PM Autoclave 6,10.129.7.11,22,1213,Imported Energy CH3 (MSW),17898.396484375
2025-07-21 12:34:56 PM,PM Autoclave 4,10.129.7.9,18,1213,Imported Energy CH3 (MSW),41046.29296875
2025-07-21 12:34:56 PM,PM C1A Substation,10.129.7.23,11,1213,Imported Energy CH3 (MSW),1550991.625
2025-07-21 12:34:56 PM,PM A3 Substation,10.129.7.18,16,1213,Imported Energy CH3 (MSW),1368667.375
2025-07-21 12:34:56 PM,PM B2 Substation,10.129.7.19,12,1213,Imported Energy CH3 (MSW),316642.3125
2025-07-21 12:34:56 PM,PM Autoclave 3,10.129.7.7,17,1213,Imported Energy CH3 (MSW),34737.22265625
2025-07-21 12:34:56 PM,PM C1L1 Substation,10.129.7.21,3,1213,Imported Energy CH3 (MSW),29204.62890625
2025-07-21 12:34:56 PM,PM Autoclave 9,10.129.7.14,23,1213,Imported Energy CH3 (MSW),287082.71875
2025-07-21 12:36:00 PM,PM C1L1 Substation,10.129.7.21,3,1213,Imported Energy CH3 (MSW),29204.6484375
2025-07-21 12:36:00 PM,PM C1L2 Substation,10.129.7.22,4,1213,Imported Energy CH3 (MSW),112967.1484375
2025-07-21 12:36:00 PM,PM Autoclave 2,10.129.7.8,7,1213,Imported Energy CH3 (MSW),7323.458984375
2025-07-21 12:36:00 PM,PM C2P Substation,10.129.7.25,5,1213,Imported Energy CH3 (MSW),77912.6640625
2025-07-21 12:36:00 PM,PM Autoclave 5,10.129.7.10,6,1213,Imported Energy CH3 (MSW),195766.59375
2025-07-21 12:36:00 PM,PM A3 Substation,10.129.7.18,16,1213,Imported Energy CH3 (MSW),1368668.25
2025-07-21 12:36:00 PM,PM B3 Substation,10.129.7.20,13,1213,Imported Energy CH3 (MSW),935176.125
2025-07-21 12:36:00 PM,PM Autoclave 8,10.129.7.13,8,1213,Imported Energy CH3 (MSW),61148.6796875
2025-07-21 12:36:00 PM,PM C1A Substation,10.129.7.23,11,1213,Imported Energy CH3 (MSW),1550996.375
2025-07-21 12:36:00 PM,PM Drop Bottom,10.129.7.16,15,1213,Imported Energy CH3 (MSW),295973.03125
2025-07-21 12:36:00 PM,PM Autoclave 3,10.129.7.7,17,1213,Imported Energy CH3 (MSW),34737.22265625
2025-07-21 12:36:00 PM,PM A1 Substation,10.129.7.17,14,1213,Imported Energy CH3 (MSW),2934630.75
2025-07-21 12:36:00 PM,PM Autoclave 9,10.129.7.14,23,1213,Imported Energy CH3 (MSW),287084.09375
2025-07-21 12:36:00 PM,PM Autoclave 10,10.129.7.15,20,1213,Imported Energy CH3 (MSW),373757.28125
2025-07-21 12:36:00 PM,PM Autoclave 6,10.129.7.11,22,1213,Imported Energy CH3 (MSW),17898.400390625
2025-07-21 12:36:00 PM,PM Autoclave 4,10.129.7.9,18,1213,Imported Energy CH3 (MSW),41046.29296875
2025-07-21 12:36:00 PM,PM Autoclave 1,10.129.7.6,19,1213,Imported Energy CH3 (MSW),89708.8515625
2025-07-21 12:37:43 PM,PM C1L1 Substation,10.129.7.21,3,1213,Imported Energy CH3 (MSW),29204.68359375
2025-07-21 12:37:43 PM,PM C2P Substation,10.129.7.25,5,1213,Imported Energy CH3 (MSW),77912.8671875
2025-07-21 12:37:43 PM,PM C1L2 Substation,10.129.7.22,4,1213,Imported Energy CH3 (MSW),112967.390625
2025-07-21 12:37:43 PM,PM Autoclave 8,10.129.7.13,8,1213,Imported Energy CH3 (MSW),61148.6796875
2025-07-21 12:37:43 PM,PM A1 Substation,10.129.7.17,14,1213,Imported Energy CH3 (MSW),2934633.5
2025-07-21 12:37:43 PM,PM Autoclave 4,10.129.7.9,18,1213,Imported Energy CH3 (MSW),41046.29296875
2025-07-21 12:37:43 PM,PM Drop Bottom,10.129.7.16,15,1213,Imported Energy CH3 (MSW),295973.5
2025-07-21 12:37:43 PM,PM A3 Substation,10.129.7.18,16,1213,Imported Energy CH3 (MSW),1368669.75
2025-07-21 12:37:44 PM,PM C1A Substation,10.129.7.23,11,1213,Imported Energy CH3 (MSW),1551003.0
2025-07-21 12:37:44 PM,PM B3 Substation,10.129.7.20,13,1213,Imported Energy CH3 (MSW),935177.3125
2025-07-21 12:37:44 PM,PM Autoclave 10,10.129.7.15,20,1213,Imported Energy CH3 (MSW),373757.28125
2025-07-21 12:37:44 PM,PM Autoclave 2,10.129.7.8,7,1213,Imported Energy CH3 (MSW),7323.458984375
2025-07-21 12:37:44 PM,PM Autoclave 9,10.129.7.14,23,1213,Imported Energy CH3 (MSW),287086.5
2025-07-21 12:37:44 PM,PM Autoclave 3,10.129.7.7,17,1213,Imported Energy CH3 (MSW),34737.22265625
2025-07-21 12:37:44 PM,PM Autoclave 6,10.129.7.11,22,1213,Imported Energy CH3 (MSW),17898.408203125
2025-07-21 12:37:44 PM,PM Autoclave 5,10.129.7.10,6,1213,Imported Energy CH3 (MSW),195767.390625
2025-07-21 12:37:44 PM,PM Autoclave 1,10.129.7.6,19,1213,Imported Energy CH3 (MSW),89708.8515625
2025-07-21 12:39:26 PM,PM B3 Substation,10.129.7.20,13,1213,Imported Energy CH3 (MSW),935178.4375
2025-07-21 12:39:26 PM,PM C1L1 Substation,10.129.7.21,3,1213,Imported Energy CH3 (MSW),29204.720703125
2025-07-21 12:39:26 PM,PM C2P Substation,10.129.7.25,5,1213,Imported Energy CH3 (MSW),77913.046875
2025-07-21 12:39:26 PM,PM Autoclave 8,10.129.7.13,8,1213,Imported Energy CH3 (MSW),61148.6796875
2025-07-21 12:39:26 PM,PM Autoclave 3,10.129.7.7,17,1213,Imported Energy CH3 (MSW),34737.22265625
2025-07-21 12:39:26 PM,PM A3 Substation,10.129.7.18,16,1213,Imported Energy CH3 (MSW),1368671.125
2025-07-21 12:39:26 PM,PM Autoclave 4,10.129.7.9,18,1213,Imported Energy CH3 (MSW),41046.29296875
2025-07-21 12:39:26 PM,PM Autoclave 5,10.129.7.10,6,1213,Imported Energy CH3 (MSW),195768.25
2025-07-21 12:39:26 PM,PM Autoclave 9,10.129.7.14,23,1213,Imported Energy CH3 (MSW),287088.59375
2025-07-21 12:39:26 PM,PM Autoclave 2,10.129.7.8,7,1213,Imported Energy CH3 (MSW),7323.458984375
2025-07-21 12:39:26 PM,PM C1A Substation,10.129.7.23,11,1213,Imported Energy CH3 (MSW),1551008.75
2025-07-21 12:39:26 PM,PM C1L2 Substation,10.129.7.22,4,1213,Imported Energy CH3 (MSW),112967.6328125
2025-07-21 12:39:26 PM,PM Autoclave 10,10.129.7.15,20,1213,Imported Energy CH3 (MSW),373757.3125
2025-07-21 12:39:26 PM,PM A1 Substation,10.129.7.17,14,1213,Imported Energy CH3 (MSW),2934636.25
2025-07-21 12:39:26 PM,PM Autoclave 6,10.129.7.11,22,1213,Imported Energy CH3 (MSW),17898.4140625
2025-07-21 12:39:26 PM,PM Drop Bottom,10.129.7.16,15,1213,Imported Energy CH3 (MSW),295974.03125
2025-07-21 12:41:08 PM,PM Autoclave 5,10.129.7.10,6,1213,Imported Energy CH3 (MSW),195769.015625
2025-07-21 12:41:09 PM,PM C2P Substation,10.129.7.25,5,1213,Imported Energy CH3 (MSW),77913.2421875
2025-07-21 12:41:09 PM,PM C1L2 Substation,10.129.7.22,4,1213,Imported Energy CH3 (MSW),112967.859375
2025-07-21 12:41:09 PM,PM C1L1 Substation,10.129.7.21,3,1213,Imported Energy CH3 (MSW),29204.7578125
2025-07-21 12:41:09 PM,PM Autoclave 8,10.129.7.13,8,1213,Imported Energy CH3 (MSW),61148.6796875
2025-07-21 12:41:09 PM,PM Drop Bottom,10.129.7.16,15,1213,Imported Energy CH3 (MSW),295974.5
2025-07-21 12:41:09 PM,PM A1 Substation,10.129.7.17,14,1213,Imported Energy CH3 (MSW),2934639.0
2025-07-21 12:41:09 PM,PM Autoclave 3,10.129.7.7,17,1213,Imported Energy CH3 (MSW),34737.22265625
2025-07-21 12:41:09 PM,PM Autoclave 6,10.129.7.11,22,1213,Imported Energy CH3 (MSW),17898.421875
2025-07-21 12:41:09 PM,PM Autoclave 9,10.129.7.14,23,1213,Imported Energy CH3 (MSW),287090.6875
2025-07-21 12:41:09 PM,PM Autoclave 4,10.129.7.9,18,1213,Imported Energy CH3 (MSW),41046.29296875
2025-07-21 12:41:09 PM,PM A3 Substation,10.129.7.18,16,1213,Imported Energy CH3 (MSW),1368672.5
2025-07-21 12:41:09 PM,PM C1A Substation,10.129.7.23,11,1213,Imported Energy CH3 (MSW),1551016.125
2025-07-21 12:41:09 PM,PM Autoclave 10,10.129.7.15,20,1213,Imported Energy CH3 (MSW),373757.3125
2025-07-21 12:41:09 PM,PM B3 Substation,10.129.7.20,13,1213,Imported Energy CH3 (MSW),935179.5
2025-07-21 12:41:09 PM,PM Autoclave 2,10.129.7.8,7,1213,Imported Energy CH3 (MSW),7323.458984375
2025-07-21 12:42:51 PM,PM C1A Substation,10.129.7.23,11,1213,Imported Energy CH3 (MSW),1551023.875
2025-07-21 12:42:51 PM,PM C2P Substation,10.129.7.25,5,1213,Imported Energy CH3 (MSW),77913.4453125
2025-07-21 12:42:51 PM,PM A1 Substation,10.129.7.17,14,1213,Imported Energy CH3 (MSW),2934642.0
2025-07-21 12:42:51 PM,PM Autoclave 5,10.129.7.10,6,1213,Imported Energy CH3 (MSW),195769.78125
2025-07-21 12:42:51 PM,PM B3 Substation,10.129.7.20,13,1213,Imported Energy CH3 (MSW),935180.625
2025-07-21 12:42:51 PM,PM Autoclave 3,10.129.7.7,17,1213,Imported Energy CH3 (MSW),34737.22265625
2025-07-21 12:42:51 PM,PM Autoclave 9,10.129.7.14,23,1213,Imported Energy CH3 (MSW),287092.625
2025-07-21 12:42:51 PM,PM C1L1 Substation,10.129.7.21,3,1213,Imported Energy CH3 (MSW),29204.796875
2025-07-21 12:42:51 PM,PM A3 Substation,10.129.7.18,16,1213,Imported Energy CH3 (MSW),1368674.0
2025-07-21 12:42:51 PM,PM Drop Bottom,10.129.7.16,15,1213,Imported Energy CH3 (MSW),295974.96875
2025-07-21 12:42:51 PM,PM C1L2 Substation,10.129.7.22,4,1213,Imported Energy CH3 (MSW),112968.0859375
2025-07-21 12:42:51 PM,PM Autoclave 4,10.129.7.9,18,1213,Imported Energy CH3 (MSW),41046.29296875
2025-07-21 12:42:51 PM,PM Autoclave 6,10.129.7.11,22,1213,Imported Energy CH3 (MSW),17898.4296875
2025-07-21 12:42:51 PM,PM Autoclave 10,10.129.7.15,20,1213,Imported Energy CH3 (MSW),373757.3125
2025-07-21 12:42:51 PM,PM Autoclave 8,10.129.7.13,8,1213,Imported Energy CH3 (MSW),61148.6796875
2025-07-21 12:42:51 PM,PM Autoclave 2,10.129.7.8,7,1213,Imported Energy CH3 (MSW),7323.458984375
2025-07-21 12:44:32 PM,PM Autoclave 5,10.129.7.10,6,1213,Imported Energy CH3 (MSW),195770.546875
2025-07-21 12:44:32 PM,PM C2P Substation,10.129.7.25,5,1213,Imported Energy CH3 (MSW),77913.6328125
2025-07-21 12:44:32 PM,PM C1L2 Substation,10.129.7.22,4,1213,Imported Energy CH3 (MSW),112968.3046875
2025-07-21 12:44:32 PM,PM Autoclave 2,10.129.7.8,7,1213,Imported Energy CH3 (MSW),7323.458984375
2025-07-21 12:44:32 PM,PM Autoclave 8,10.129.7.13,8,1213,Imported Energy CH3 (MSW),61148.6796875
2025-07-21 12:44:32 PM,PM Drop Bottom,10.129.7.16,15,1213,Imported Energy CH3 (MSW),295975.46875
2025-07-21 12:44:32 PM,PM Autoclave 3,10.129.7.7,17,1213,Imported Energy CH3 (MSW),34737.22265625
2025-07-21 12:44:32 PM,PM C1L1 Substation,10.129.7.21,3,1213,Imported Energy CH3 (MSW),29204.828125
2025-07-21 12:44:32 PM,PM Autoclave 10,10.129.7.15,20,1213,Imported Energy CH3 (MSW),373757.3125
2025-07-21 12:44:32 PM,PM B3 Substation,10.129.7.20,13,1213,Imported Energy CH3 (MSW),935181.6875
2025-07-21 12:44:32 PM,PM A3 Substation,10.129.7.18,16,1213,Imported Energy CH3 (MSW),1368675.375
2025-07-21 12:44:32 PM,PM C1A Substation,10.129.7.23,11,1213,Imported Energy CH3 (MSW),1551032.5
2025-07-21 12:44:32 PM,PM A1 Substation,10.129.7.17,14,1213,Imported Energy CH3 (MSW),2934645.25
2025-07-21 12:44:32 PM,PM Autoclave 9,10.129.7.14,23,1213,Imported Energy CH3 (MSW),287094.625
2025-07-21 12:44:32 PM,PM Autoclave 6,10.129.7.11,22,1213,Imported Energy CH3 (MSW),17898.435546875
2025-07-21 12:44:32 PM,PM Autoclave 4,10.129.7.9,18,1213,Imported Energy CH3 (MSW),41046.29296875
2025-07-21 12:46:14 PM,PM C1L2 Substation,10.129.7.22,4,1213,Imported Energy CH3 (MSW),112968.5390625
2025-07-21 12:46:14 PM,PM C2L Substation,10.129.7.24,9,1213,Imported Energy CH3 (MSW),83513.5703125
2025-07-21 12:46:14 PM,PM C2P Substation,10.129.7.25,5,1213,Imported Energy CH3 (MSW),77913.828125
2025-07-21 12:46:14 PM,PM Autoclave 5,10.129.7.10,6,1213,Imported Energy CH3 (MSW),195771.28125
2025-07-21 12:46:14 PM,PM B2 Substation,10.129.7.19,12,1213,Imported Energy CH3 (MSW),316647.71875
2025-07-21 12:46:14 PM,PM Autoclave 2,10.129.7.8,7,1213,Imported Energy CH3 (MSW),7323.458984375
2025-07-21 12:46:14 PM,PM B3 Substation,10.129.7.20,13,1213,Imported Energy CH3 (MSW),935182.8125
2025-07-21 12:46:14 PM,PM C1A Substation,10.129.7.23,11,1213,Imported Energy CH3 (MSW),1551041.75
2025-07-21 12:46:14 PM,PM Autoclave 8,10.129.7.13,8,1213,Imported Energy CH3 (MSW),61148.6796875
2025-07-21 12:46:14 PM,PM A1 Substation,10.129.7.17,14,1213,Imported Energy CH3 (MSW),2934648.5
2025-07-21 12:46:14 PM,PM Drop Bottom,10.129.7.16,15,1213,Imported Energy CH3 (MSW),295976.0
2025-07-21 12:46:14 PM,PM A3 Substation,10.129.7.18,16,1213,Imported Energy CH3 (MSW),1368676.875
2025-07-21 12:46:14 PM,PM Autoclave 6,10.129.7.11,22,1213,Imported Energy CH3 (MSW),17898.443359375
2025-07-21 12:46:14 PM,PM C1L1 Substation,10.129.7.21,3,1213,Imported Energy CH3 (MSW),29204.861328125
2025-07-21 12:46:14 PM,PM Autoclave 3,10.129.7.7,17,1213,Imported Energy CH3 (MSW),34737.22265625
2025-07-21 12:46:14 PM,PM Autoclave 10,10.129.7.15,20,1213,Imported Energy CH3 (MSW),373757.3125
2025-07-21 12:46:14 PM,PM Autoclave 4,10.129.7.9,18,1213,Imported Energy CH3 (MSW),41046.29296875
2025-07-21 12:46:14 PM,PM Autoclave 9,10.129.7.14,23,1213,Imported Energy CH3 (MSW),287096.53125
2025-07-21 12:47:56 PM,PM C1L1 Substation,10.129.7.21,3,1213,Imported Energy CH3 (MSW),29204.89453125
2025-07-21 12:47:56 PM,PM C2P Substation,10.129.7.25,5,1213,Imported Energy CH3 (MSW),77914.015625
2025-07-21 12:47:56 PM,PM C1A Substation,10.129.7.23,11,1213,Imported Energy CH3 (MSW),1551049.625
2025-07-21 12:47:56 PM,PM C2L Substation,10.129.7.24,9,1213,Imported Energy CH3 (MSW),83513.765625
2025-07-21 12:47:56 PM,PM Drop Bottom,10.129.7.16,15,1213,Imported Energy CH3 (MSW),295976.53125
2025-07-21 12:47:56 PM,PM C1L2 Substation,10.129.7.22,4,1213,Imported Energy CH3 (MSW),112968.78125
2025-07-21 12:47:56 PM,PM B3 Substation,10.129.7.20,13,1213,Imported Energy CH3 (MSW),935183.875
2025-07-21 12:47:56 PM,PM Autoclave 9,10.129.7.14,23,1213,Imported Energy CH3 (MSW),287098.9375
2025-07-21 12:47:56 PM,PM B2 Substation,10.129.7.19,12,1213,Imported Energy CH3 (MSW),316648.53125
2025-07-21 12:47:56 PM,PM Autoclave 8,10.129.7.13,8,1213,Imported Energy CH3 (MSW),61148.6796875
2025-07-21 12:47:56 PM,PM A1 Substation,10.129.7.17,14,1213,Imported Energy CH3 (MSW),2934651.75
2025-07-21 12:47:56 PM,PM A3 Substation,10.129.7.18,16,1213,Imported Energy CH3 (MSW),1368678.375
2025-07-21 12:47:56 PM,PM Autoclave 5,10.129.7.10,6,1213,Imported Energy CH3 (MSW),195772.046875
2025-07-21 12:47:56 PM,PM Autoclave 3,10.129.7.7,17,1213,Imported Energy CH3 (MSW),34737.22265625
2025-07-21 12:47:56 PM,PM Autoclave 2,10.129.7.8,7,1213,Imported Energy CH3 (MSW),7323.458984375
2025-07-21 12:47:56 PM,PM Autoclave 6,10.129.7.11,22,1213,Imported Energy CH3 (MSW),17898.451171875
2025-07-21 12:47:56 PM,PM Autoclave 4,10.129.7.9,18,1213,Imported Energy CH3 (MSW),41046.29296875
2025-07-21 12:47:56 PM,PM Autoclave 10,10.129.7.15,20,1213,Imported Energy CH3 (MSW),373757.34375
2025-07-21 12:49:37 PM,PM Autoclave 10,10.129.7.15,20,1213,Imported Energy CH3 (MSW),373757.34375
2025-07-21 12:49:37 PM,PM C2P Substation,10.129.7.25,5,1213,Imported Energy CH3 (MSW),77914.203125
2025-07-21 12:49:37 PM,PM C1L2 Substation,10.129.7.22,4,1213,Imported Energy CH3 (MSW),112969.015625
2025-07-21 12:49:37 PM,PM C1L1 Substation,10.129.7.21,3,1213,Imported Energy CH3 (MSW),29204.927734375
2025-07-21 12:49:37 PM,PM Autoclave 5,10.129.7.10,6,1213,Imported Energy CH3 (MSW),195772.875
2025-07-21 12:49:37 PM,PM A1 Substation,10.129.7.17,14,1213,Imported Energy CH3 (MSW),2934654.75
2025-07-21 12:49:37 PM,PM C2L Substation,10.129.7.24,9,1213,Imported Energy CH3 (MSW),83513.96875
2025-07-21 12:49:37 PM,PM Autoclave 3,10.129.7.7,17,1213,Imported Energy CH3 (MSW),34737.22265625
2025-07-21 12:49:37 PM,PM B2 Substation,10.129.7.19,12,1213,Imported Energy CH3 (MSW),316649.34375
2025-07-21 12:49:37 PM,PM Autoclave 4,10.129.7.9,18,1213,Imported Energy CH3 (MSW),41046.29296875
2025-07-21 12:49:37 PM,PM Autoclave 2,10.129.7.8,7,1213,Imported Energy CH3 (MSW),7323.458984375
2025-07-21 12:49:37 PM,PM Autoclave 8,10.129.7.13,8,1213,Imported Energy CH3 (MSW),61148.6796875
2025-07-21 12:49:37 PM,PM Drop Bottom,10.129.7.16,15,1213,Imported Energy CH3 (MSW),295976.96875
2025-07-21 12:49:37 PM,PM Autoclave 6,10.129.7.11,22,1213,Imported Energy CH3 (MSW),17898.45703125
2025-07-21 12:49:37 PM,PM B3 Substation,10.129.7.20,13,1213,Imported Energy CH3 (MSW),935184.9375
2025-07-21 12:49:37 PM,PM Autoclave 9,10.129.7.14,23,1213,Imported Energy CH3 (MSW),287100.84375
2025-07-21 12:49:37 PM,PM A3 Substation,10.129.7.18,16,1213,Imported Energy CH3 (MSW),1368679.75
2025-07-21 12:49:37 PM,PM C1A Substation,10.129.7.23,11,1213,Imported Energy CH3 (MSW),1551057.5
2025-07-21 12:49:43 PM,PM Autoclave 1,10.129.7.6,19,1213,Imported Energy CH3 (MSW),89708.859375
2025-07-21 12:50:45 PM,PM C1L1 Substation,10.129.7.21,3,1213,Imported Energy CH3 (MSW),29204.951171875
2025-07-21 12:50:45 PM,PM C1L2 Substation,10.129.7.22,4,1213,Imported Energy CH3 (MSW),112969.171875
2025-07-21 12:50:45 PM,PM C1A Substation,10.129.7.23,11,1213,Imported Energy CH3 (MSW),1551061.75
2025-07-21 12:50:45 PM,PM Autoclave 2,10.129.7.8,7,1213,Imported Energy CH3 (MSW),7323.458984375
2025-07-21 12:50:45 PM,PM C2L Substation,10.129.7.24,9,1213,Imported Energy CH3 (MSW),83514.125
2025-07-21 12:50:45 PM,PM Autoclave 5,10.129.7.10,6,1213,Imported Energy CH3 (MSW),195773.328125
2025-07-21 12:50:46 PM,PM Autoclave 8,10.129.7.13,8,1213,Imported Energy CH3 (MSW),61148.6796875
2025-07-21 12:50:46 PM,PM Drop Bottom,10.129.7.16,15,1213,Imported Energy CH3 (MSW),295977.28125
2025-07-21 12:50:46 PM,PM B2 Substation,10.129.7.19,12,1213,Imported Energy CH3 (MSW),316649.875
2025-07-21 12:50:46 PM,PM A3 Substation,10.129.7.18,16,1213,Imported Energy CH3 (MSW),1368680.625
2025-07-21 12:50:46 PM,PM B3 Substation,10.129.7.20,13,1213,Imported Energy CH3 (MSW),935185.6875
2025-07-21 12:50:46 PM,PM Autoclave 3,10.129.7.7,17,1213,Imported Energy CH3 (MSW),34737.22265625
2025-07-21 12:50:46 PM,PM A1 Substation,10.129.7.17,14,1213,Imported Energy CH3 (MSW),2934656.75
2025-07-21 12:50:46 PM,PM Autoclave 1,10.129.7.6,19,1213,Imported Energy CH3 (MSW),89708.859375
2025-07-21 12:50:46 PM,PM Autoclave 6,10.129.7.11,22,1213,Imported Energy CH3 (MSW),17898.4609375
2025-07-21 12:50:46 PM,PM Autoclave 4,10.129.7.9,18,1213,Imported Energy CH3 (MSW),41046.29296875
2025-07-21 12:50:46 PM,PM C2P Substation,10.129.7.25,5,1213,Imported Energy CH3 (MSW),77914.328125
2025-07-21 12:50:46 PM,PM Autoclave 9,10.129.7.14,23,1213,Imported Energy CH3 (MSW),287101.84375
2025-07-21 12:50:46 PM,PM Autoclave 10,10.129.7.15,20,1213,Imported Energy CH3 (MSW),373757.34375
2025-07-21 12:51:49 PM,PM C1L2 Substation,10.129.7.22,4,1213,Imported Energy CH3 (MSW),112969.3203125
2025-07-21 12:51:49 PM,PM C1A Substation,10.129.7.23,11,1213,Imported Energy CH3 (MSW),1551065.625
2025-07-21 12:51:49 PM,PM C2L Substation,10.129.7.24,9,1213,Imported Energy CH3 (MSW),83514.2734375
2025-07-21 12:51:49 PM,PM C1L1 Substation,10.129.7.21,3,1213,Imported Energy CH3 (MSW),29204.970703125
2025-07-21 12:51:49 PM,PM Autoclave 5,10.129.7.10,6,1213,Imported Energy CH3 (MSW),195773.765625
2025-07-21 12:51:49 PM,PM Autoclave 9,10.129.7.14,23,1213,Imported Energy CH3 (MSW),287102.96875
2025-07-21 12:51:49 PM,PM C2P Substation,10.129.7.25,5,1213,Imported Energy CH3 (MSW),77914.4453125
2025-07-21 12:51:49 PM,PM Autoclave 2,10.129.7.8,7,1213,Imported Energy CH3 (MSW),7323.458984375
2025-07-21 12:51:49 PM,PM B2 Substation,10.129.7.19,12,1213,Imported Energy CH3 (MSW),316650.375
2025-07-21 12:51:49 PM,PM B3 Substation,10.129.7.20,13,1213,Imported Energy CH3 (MSW),935186.375
2025-07-21 12:51:49 PM,PM Autoclave 1,10.129.7.6,19,1213,Imported Energy CH3 (MSW),89708.859375
2025-07-21 12:51:49 PM,PM Autoclave 10,10.129.7.15,20,1213,Imported Energy CH3 (MSW),373757.34375
2025-07-21 12:51:49 PM,PM A1 Substation,10.129.7.17,14,1213,Imported Energy CH3 (MSW),2934658.75
2025-07-21 12:51:49 PM,PM Autoclave 4,10.129.7.9,18,1213,Imported Energy CH3 (MSW),41046.29296875
2025-07-21 12:51:49 PM,PM Autoclave 6,10.129.7.11,22,1213,Imported Energy CH3 (MSW),17898.466796875
2025-07-21 12:51:49 PM,PM Drop Bottom,10.129.7.16,15,1213,Imported Energy CH3 (MSW),295977.625
2025-07-21 12:51:49 PM,PM Autoclave 3,10.129.7.7,17,1213,Imported Energy CH3 (MSW),34737.22265625
2025-07-21 12:51:49 PM,PM A3 Substation,10.129.7.18,16,1213,Imported Energy CH3 (MSW),1368681.625
2025-07-21 12:51:49 PM,PM Autoclave 8,10.129.7.13,8,1213,Imported Energy CH3 (MSW),61148.6796875
2025-07-21 12:52:52 PM,PM Autoclave 1,10.129.7.6,19,1213,Imported Energy CH3 (MSW),89708.859375
2025-07-21 12:52:52 PM,PM C2L Substation,10.129.7.24,9,1213,Imported Energy CH3 (MSW),83514.40625
2025-07-21 12:52:52 PM,PM B2 Substation,10.129.7.19,12,1213,Imported Energy CH3 (MSW),316650.875
2025-07-21 12:52:52 PM,PM Autoclave 9,10.129.7.14,23,1213,Imported Energy CH3 (MSW),287104.125
2025-07-21 12:52:52 PM,PM Autoclave 3,10.129.7.7,17,1213,Imported Energy CH3 (MSW),34737.22265625
2025-07-21 12:52:52 PM,PM Autoclave 10,10.129.7.15,20,1213,Imported Energy CH3 (MSW),373757.34375
2025-07-21 12:52:52 PM,PM A3 Substation,10.129.7.18,16,1213,Imported Energy CH3 (MSW),1368682.5
2025-07-21 12:52:52 PM,PM Autoclave 5,10.129.7.10,6,1213,Imported Energy CH3 (MSW),195774.234375
2025-07-21 12:52:52 PM,PM Autoclave 2,10.129.7.8,7,1213,Imported Energy CH3 (MSW),7323.458984375
2025-07-21 12:52:52 PM,PM C1L1 Substation,10.129.7.21,3,1213,Imported Energy CH3 (MSW),29204.9921875
2025-07-21 12:52:52 PM,PM C2P Substation,10.129.7.25,5,1213,Imported Energy CH3 (MSW),77914.5546875
2025-07-21 12:52:52 PM,PM Autoclave 4,10.129.7.9,18,1213,Imported Energy CH3 (MSW),41046.29296875
2025-07-21 12:52:52 PM,PM A1 Substation,10.129.7.17,14,1213,Imported Energy CH3 (MSW),2934660.5
2025-07-21 12:52:52 PM,PM C1A Substation,10.129.7.23,11,1213,Imported Energy CH3 (MSW),1551069.125
2025-07-21 12:52:52 PM,PM C1L2 Substation,10.129.7.22,4,1213,Imported Energy CH3 (MSW),112969.46875
2025-07-21 12:52:52 PM,PM Autoclave 6,10.129.7.11,22,1213,Imported Energy CH3 (MSW),17898.470703125
2025-07-21 12:52:52 PM,PM Drop Bottom,10.129.7.16,15,1213,Imported Energy CH3 (MSW),295977.9375
2025-07-21 12:52:52 PM,PM B3 Substation,10.129.7.20,13,1213,Imported Energy CH3 (MSW),935187.0625
2025-07-21 12:52:52 PM,PM Autoclave 8,10.129.7.13,8,1213,Imported Energy CH3 (MSW),61148.6796875
2025-07-21 12:53:56 PM,PM Autoclave 10,10.129.7.15,20,1213,Imported Energy CH3 (MSW),373757.34375
2025-07-21 12:53:56 PM,PM C1A Substation,10.129.7.23,11,1213,Imported Energy CH3 (MSW),1551072.5
2025-07-21 12:53:56 PM,PM B2 Substation,10.129.7.19,12,1213,Imported Energy CH3 (MSW),316651.375
2025-07-21 12:53:56 PM,PM A3 Substation,10.129.7.18,16,1213,Imported Energy CH3 (MSW),1368683.375
2025-07-21 12:53:56 PM,PM Autoclave 9,10.129.7.14,23,1213,Imported Energy CH3 (MSW),287105.375
2025-07-21 12:53:56 PM,PM Autoclave 1,10.129.7.6,19,1213,Imported Energy CH3 (MSW),89708.859375
2025-07-21 12:53:56 PM,PM Autoclave 8,10.129.7.13,8,1213,Imported Energy CH3 (MSW),61148.6796875
2025-07-21 12:53:56 PM,PM C2L Substation,10.129.7.24,9,1213,Imported Energy CH3 (MSW),83514.53125
2025-07-21 12:53:56 PM,PM Autoclave 4,10.129.7.9,18,1213,Imported Energy CH3 (MSW),41046.29296875
2025-07-21 12:53:56 PM,PM A1 Substation,10.129.7.17,14,1213,Imported Energy CH3 (MSW),2934662.5
2025-07-21 12:53:56 PM,PM Autoclave 3,10.129.7.7,17,1213,Imported Energy CH3 (MSW),34737.22265625
2025-07-21 12:53:56 PM,PM C1L1 Substation,10.129.7.21,3,1213,Imported Energy CH3 (MSW),29205.01171875
2025-07-21 12:53:56 PM,PM Autoclave 5,10.129.7.10,6,1213,Imported Energy CH3 (MSW),195774.703125
2025-07-21 12:53:56 PM,PM Autoclave 2,10.129.7.8,7,1213,Imported Energy CH3 (MSW),7323.458984375
2025-07-21 12:53:56 PM,PM C1L2 Substation,10.129.7.22,4,1213,Imported Energy CH3 (MSW),112969.625
2025-07-21 12:53:56 PM,PM C2P Substation,10.129.7.25,5,1213,Imported Energy CH3 (MSW),77914.671875
2025-07-21 12:53:56 PM,PM Drop Bottom,10.129.7.16,15,1213,Imported Energy CH3 (MSW),295978.25
2025-07-21 12:53:56 PM,PM B3 Substation,10.129.7.20,13,1213,Imported Energy CH3 (MSW),935187.6875
2025-07-21 12:53:56 PM,PM Autoclave 6,10.129.7.11,22,1213,Imported Energy CH3 (MSW),17898.474609375
2025-07-21 12:54:59 PM,PM Drop Bottom,10.129.7.16,15,1213,Imported Energy CH3 (MSW),295978.5625
2025-07-21 12:54:59 PM,PM Autoclave 2,10.129.7.8,7,1213,Imported Energy CH3 (MSW),7323.458984375
2025-07-21 12:54:59 PM,PM C1L2 Substation,10.129.7.22,4,1213,Imported Energy CH3 (MSW),112969.78125
2025-07-21 12:54:59 PM,PM B3 Substation,10.129.7.20,13,1213,Imported Energy CH3 (MSW),935188.375
2025-07-21 12:54:59 PM,PM Autoclave 5,10.129.7.10,6,1213,Imported Energy CH3 (MSW),195775.234375
2025-07-21 12:54:59 PM,PM C1L1 Substation,10.129.7.21,3,1213,Imported Energy CH3 (MSW),29205.033203125
2025-07-21 12:54:59 PM,PM C2P Substation,10.129.7.25,5,1213,Imported Energy CH3 (MSW),77914.78125
2025-07-21 12:54:59 PM,PM B2 Substation,10.129.7.19,12,1213,Imported Energy CH3 (MSW),316651.875
2025-07-21 12:54:59 PM,PM Autoclave 8,10.129.7.13,8,1213,Imported Energy CH3 (MSW),61148.6796875
2025-07-21 12:54:59 PM,PM C2L Substation,10.129.7.24,9,1213,Imported Energy CH3 (MSW),83514.6484375
2025-07-21 12:54:59 PM,PM A3 Substation,10.129.7.18,16,1213,Imported Energy CH3 (MSW),1368684.375
2025-07-21 12:54:59 PM,PM Autoclave 6,10.129.7.11,22,1213,Imported Energy CH3 (MSW),17898.478515625
2025-07-21 12:54:59 PM,PM Autoclave 3,10.129.7.7,17,1213,Imported Energy CH3 (MSW),34737.22265625
2025-07-21 12:54:59 PM,PM A1 Substation,10.129.7.17,14,1213,Imported Energy CH3 (MSW),2934664.5
2025-07-21 12:54:59 PM,PM Autoclave 1,10.129.7.6,19,1213,Imported Energy CH3 (MSW),89708.859375
2025-07-21 12:54:59 PM,PM Autoclave 10,10.129.7.15,20,1213,Imported Energy CH3 (MSW),373757.34375
2025-07-21 12:54:59 PM,PM Autoclave 9,10.129.7.14,23,1213,Imported Energy CH3 (MSW),287106.4375
2025-07-21 12:54:59 PM,PM Autoclave 4,10.129.7.9,18,1213,Imported Energy CH3 (MSW),41046.29296875
2025-07-21 12:54:59 PM,PM C1A Substation,10.129.7.23,11,1213,Imported Energy CH3 (MSW),1551076.875
2025-07-21 12:56:03 PM,PM C2P Substation,10.129.7.25,5,1213,Imported Energy CH3 (MSW),77914.8984375
2025-07-21 12:56:03 PM,PM C1L2 Substation,10.129.7.22,4,1213,Imported Energy CH3 (MSW),112969.9375
2025-07-21 12:56:03 PM,PM Autoclave 5,10.129.7.10,6,1213,Imported Energy CH3 (MSW),195775.6875
2025-07-21 12:56:03 PM,PM C1L1 Substation,10.129.7.21,3,1213,Imported Energy CH3 (MSW),29205.0546875
2025-07-21 12:56:03 PM,PM B3 Substation,10.129.7.20,13,1213,Imported Energy CH3 (MSW),935189.0625
2025-07-21 12:56:03 PM,PM B2 Substation,10.129.7.19,12,1213,Imported Energy CH3 (MSW),316652.375
2025-07-21 12:56:03 PM,PM Autoclave 4,10.129.7.9,18,1213,Imported Energy CH3 (MSW),41046.29296875
2025-07-21 12:56:03 PM,PM Drop Bottom,10.129.7.16,15,1213,Imported Energy CH3 (MSW),295978.875
2025-07-21 12:56:03 PM,PM Autoclave 3,10.129.7.7,17,1213,Imported Energy CH3 (MSW),34737.22265625
2025-07-21 12:56:03 PM,PM A3 Substation,10.129.7.18,16,1213,Imported Energy CH3 (MSW),1368685.125
2025-07-21 12:56:03 PM,PM Autoclave 1,10.129.7.6,19,1213,Imported Energy CH3 (MSW),89708.859375
2025-07-21 12:56:03 PM,PM Autoclave 6,10.129.7.11,22,1213,Imported Energy CH3 (MSW),17898.482421875
2025-07-21 12:56:03 PM,PM Autoclave 9,10.129.7.14,23,1213,Imported Energy CH3 (MSW),287107.6875
2025-07-21 12:56:03 PM,PM Autoclave 10,10.129.7.15,20,1213,Imported Energy CH3 (MSW),373757.34375
2025-07-21 12:56:03 PM,PM A1 Substation,10.129.7.17,14,1213,Imported Energy CH3 (MSW),2934666.25
2025-07-21 12:56:03 PM,PM C1A Substation,10.129.7.23,11,1213,Imported Energy CH3 (MSW),1551081.625
2025-07-21 12:56:03 PM,PM Autoclave 8,10.129.7.13,8,1213,Imported Energy CH3 (MSW),61148.6796875
2025-07-21 12:56:03 PM,PM Autoclave 2,10.129.7.8,7,1213,Imported Energy CH3 (MSW),7323.458984375
2025-07-21 12:56:03 PM,PM C2L Substation,10.129.7.24,9,1213,Imported Energy CH3 (MSW),83514.7734375
2025-07-21 12:57:06 PM,PM B2 Substation,10.129.7.19,12,1213,Imported Energy CH3 (MSW),316652.875
2025-07-21 12:57:06 PM,PM Autoclave 9,10.129.7.14,23,1213,Imported Energy CH3 (MSW),287108.78125
2025-07-21 12:57:06 PM,PM A3 Substation,10.129.7.18,16,1213,Imported Energy CH3 (MSW),1368686.125
2025-07-21 12:57:06 PM,PM Autoclave 4,10.129.7.9,18,1213,Imported Energy CH3 (MSW),41046.29296875
2025-07-21 12:57:06 PM,PM C2L Substation,10.129.7.24,9,1213,Imported Energy CH3 (MSW),83514.890625
2025-07-21 12:57:06 PM,PM C1L2 Substation,10.129.7.22,4,1213,Imported Energy CH3 (MSW),112970.0859375
2025-07-21 12:57:06 PM,PM A1 Substation,10.129.7.17,14,1213,Imported Energy CH3 (MSW),2934668.5
2025-07-21 12:57:06 PM,PM C1L1 Substation,10.129.7.21,3,1213,Imported Energy CH3 (MSW),29205.076171875
2025-07-21 12:57:06 PM,PM C1A Substation,10.129.7.23,11,1213,Imported Energy CH3 (MSW),1551086.625
2025-07-21 12:57:06 PM,PM Autoclave 5,10.129.7.10,6,1213,Imported Energy CH3 (MSW),195776.1875
2025-07-21 12:57:06 PM,PM Autoclave 1,10.129.7.6,19,1213,Imported Energy CH3 (MSW),89708.859375
2025-07-21 12:57:06 PM,PM Autoclave 10,10.129.7.15,20,1213,Imported Energy CH3 (MSW),373757.375
2025-07-21 12:57:06 PM,PM Autoclave 2,10.129.7.8,7,1213,Imported Energy CH3 (MSW),7323.458984375
2025-07-21 12:57:06 PM,PM Drop Bottom,10.129.7.16,15,1213,Imported Energy CH3 (MSW),295979.15625
2025-07-21 12:57:06 PM,PM Autoclave 8,10.129.7.13,8,1213,Imported Energy CH3 (MSW),61148.6796875
2025-07-21 12:57:06 PM,PM C2P Substation,10.129.7.25,5,1213,Imported Energy CH3 (MSW),77915.015625
2025-07-21 12:57:06 PM,PM Autoclave 3,10.129.7.7,17,1213,Imported Energy CH3 (MSW),34737.22265625
2025-07-21 12:57:06 PM,PM B3 Substation,10.129.7.20,13,1213,Imported Energy CH3 (MSW),935189.75
2025-07-21 12:57:06 PM,PM Autoclave 6,10.129.7.11,22,1213,Imported Energy CH3 (MSW),17898.486328125
2025-07-21 12:58:10 PM,PM C1L2 Substation,10.129.7.22,4,1213,Imported Energy CH3 (MSW),112970.234375
2025-07-21 12:58:10 PM,PM Autoclave 2,10.129.7.8,7,1213,Imported Energy CH3 (MSW),7323.458984375
2025-07-21 12:58:10 PM,PM Autoclave 8,10.129.7.13,8,1213,Imported Energy CH3 (MSW),61148.6796875
2025-07-21 12:58:10 PM,PM B3 Substation,10.129.7.20,13,1213,Imported Energy CH3 (MSW),935190.375
2025-07-21 12:58:10 PM,PM C2L Substation,10.129.7.24,9,1213,Imported Energy CH3 (MSW),83515.0078125
2025-07-21 12:58:10 PM,PM C2P Substation,10.129.7.25,5,1213,Imported Energy CH3 (MSW),77915.1328125
2025-07-21 12:58:10 PM,PM B2 Substation,10.129.7.19,12,1213,Imported Energy CH3 (MSW),316653.375
2025-07-21 12:58:10 PM,PM A3 Substation,10.129.7.18,16,1213,Imported Energy CH3 (MSW),1368687.0
2025-07-21 12:58:10 PM,PM Autoclave 3,10.129.7.7,17,1213,Imported Energy CH3 (MSW),34737.22265625
2025-07-21 12:58:10 PM,PM Autoclave 1,10.129.7.6,19,1213,Imported Energy CH3 (MSW),89708.859375
2025-07-21 12:58:10 PM,PM Autoclave 5,10.129.7.10,6,1213,Imported Energy CH3 (MSW),195776.65625
2025-07-21 12:58:10 PM,PM Drop Bottom,10.129.7.16,15,1213,Imported Energy CH3 (MSW),295979.46875
2025-07-21 12:58:10 PM,PM C1L1 Substation,10.129.7.21,3,1213,Imported Energy CH3 (MSW),29205.095703125
2025-07-21 12:58:10 PM,PM C1A Substation,10.129.7.23,11,1213,Imported Energy CH3 (MSW),1551091.625
2025-07-21 12:58:10 PM,PM A1 Substation,10.129.7.17,14,1213,Imported Energy CH3 (MSW),2934670.75
2025-07-21 12:59:52 PM,PM C1L1 Substation,10.129.7.21,3,1213,Imported Energy CH3 (MSW),29205.12890625
2025-07-21 12:59:52 PM,PM C1L2 Substation,10.129.7.22,4,1213,Imported Energy CH3 (MSW),112970.4765625
2025-07-21 12:59:52 PM,PM C2P Substation,10.129.7.25,5,1213,Imported Energy CH3 (MSW),77915.3203125
2025-07-21 12:59:52 PM,PM Autoclave 8,10.129.7.13,8,1213,Imported Energy CH3 (MSW),61148.6796875
2025-07-21 12:59:52 PM,PM Autoclave 5,10.129.7.10,6,1213,Imported Energy CH3 (MSW),195777.4375
2025-07-21 12:59:52 PM,PM C2L Substation,10.129.7.24,9,1213,Imported Energy CH3 (MSW),83515.203125
2025-07-21 12:59:52 PM,PM C1A Substation,10.129.7.23,11,1213,Imported Energy CH3 (MSW),1551099.875
2025-07-21 12:59:52 PM,PM B2 Substation,10.129.7.19,12,1213,Imported Energy CH3 (MSW),316654.1875
2025-07-21 12:59:52 PM,PM A3 Substation,10.129.7.18,16,1213,Imported Energy CH3 (MSW),1368688.375
2025-07-21 12:59:52 PM,PM A1 Substation,10.129.7.17,14,1213,Imported Energy CH3 (MSW),2934674.0
2025-07-21 12:59:52 PM,PM Autoclave 3,10.129.7.7,17,1213,Imported Energy CH3 (MSW),34737.22265625
2025-07-21 12:59:52 PM,PM Drop Bottom,10.129.7.16,15,1213,Imported Energy CH3 (MSW),295980.0
2025-07-21 12:59:52 PM,PM B3 Substation,10.129.7.20,13,1213,Imported Energy CH3 (MSW),935191.4375
2025-07-21 12:59:52 PM,PM Autoclave 2,10.129.7.8,7,1213,Imported Energy CH3 (MSW),7323.458984375
2025-07-21 12:59:52 PM,PM Autoclave 1,10.129.7.6,19,1213,Imported Energy CH3 (MSW),89708.859375
